0
751670798488373924890075237865007339110597913389911144654216419459528461296551941106179302231384175750528025994465330460235716784830923567093864397172122842334818825717452472467623058739617616092736013486958960151998776408953843721361459474660196913085735504736798788654343359508545698637014066895719232518074966151830520209033529552999993584552842116744342526080945016452954129330911813384711409098544709549607111100292385958511186530707531112422994485456562747800583092705814087465294843747880152658421435165904587921056374363116551599210905946814949748667768613102957923888829488525112
288457154116476892129579963964093794349901287022208535166882401525755364771304523669516732952892520563756484429275515511135589217675822619252564047286268918443439177727652388117563106799371162842622857293389422780111943210837572423040729016012997450751377460804278441257535957851640127035895253912174812267927952677635319386525904387130850397193037368906993336306334030970597475286177978556630631083950805561169481277468883058377602308148119149443983822540653369277968679230762618245892660884861905837065280677926417776465610565824447666204495510126497839798717708938299922117280789446953
36436263762548935277749128382243906196873278458020205182046938168500025668517934726754653746299831745074100151956945711007451101983502159383601999847277814069188538047412661511354346373854472830894400255453195073897628189762882567539506393271837401048038310726025125418520269460770913954517086572869227545433678769588264884406563761064429804960612859516520441918679698420587553499223984669855801435117967960719529814502521893737030411767216355299989990655334715473277159115012790087998048150581005130909897674690985606178339140480016246247361544730296872996911820279899301815950968355939
84478312196039427159215994572903054862566453860764603616115053770363410974186354490949790698618065650375687065845427159895728057588373757190105610020947738041318794933005603671827884101794925038802164504230255880201053513907472062336214836816592506311046211469664756940591064908323281082919053768193727795084985654418132840559457224930587470120995870083702277788255845948575454512736332452474844940054687893607028078431696353493592822708461514770616351474026258247340842453933696571993780995792100939251619120765165401448332953515202223851660997722906251400539319056798622365809826181169
3130177024431083122093426538890963972728860587440130371412194423121232242439619037611324829070246556247240688479353152072519750693025075528360046348268119348518388988040891695041262984030337796118349074041225512820103435366232512171180497401762650516924343354787502963903869353567923342890076636662414085377309100481304884847847030100214193345485993803105577481170263829164858015432537556678897512937874515692880483182055521794272102062384661515657747713213447592942767197626408577901772095472210630594162129553438116033795486223089683504183471673067838904734581618641592956243044178081677
8217049042013293021379817228955635552615418518270917395448461872939802587463972802304752831549765764832390727754418106407427898394927223340633330188995419425777714187999069096768078393842299106653817398819015828454696615334251351685749259716194221767405234646735027455411442952810849867123852310269864963954767711956011390209188791370857827810392773575418211652517677539269869476055508681470034269682833262767135761837648658490005858826993043872617483998424756321732317851977508950651047965488759705026203358009246473931874137296554612581267340724366037126696445671182544983265482040645413
6595883678329659018339495905599175096067044663232334250800272302164436125315821866820792256818007230092190740625428599439782291615421176310366078629317960157157906311309617619725380768671004262625961210970873857315732859707016551549305836834098190563072162213310474020055829822360216777601670855414443529413571430773892079258882781043128899396884169777164876310417879117465094219910484853778334389749330480745464275606463183107508744186880740128029995440568912102854553302999693311878326179308303279691541560003005454743243312244805579745719935344714992066918568863174710917765502665943801
7922637759781409704810887041734830733608415000763758773162217181936048672371867241944445321791382865833075713378233864245761595868984201750282422922800962329544877341821756336925401689482909146519829766959371381301739625046060774007860573775983638863136172500209379123674823856976748911713218294306108309330843259004052013337788644080778702463031292923444714561180594144400395207500351540544526531383238305080740440300981364200476078958168130626030408354079015535748976134105487468653563831498780000885414424660112878985148813827208844255563861735450753540149821859663509304992408642288583
2496029972572507838176192771925057201006097397692908472557960688930407003010521835260866456149692423658956875329736317630620846943152795157668848380822189728182838960158611460452239091259480470189226010102613399742610144432574856915530419444572424564965970398201958652324739817584585422183325558529204823098723997744576159088232381425583654252322373102771747676282211943284654365124773019216772117286163937472746827701716480112318133351488033059401924120848950736615288624316319562072225025419621475881749449116352139935678475253970204180979454593284684313588416525443908661548341937741495
0
43951821129278720859767991639736136709913970549613325356779711373522378622128931305350383340654908193010633577538640712159707987410700270637575455087939131043093557358953019672424269778066624839707273317733897149496887632534688786343886823245478042834197367767061913876453096133025903949767855384833378286316077732443560435416829112868590067755919249341902389952654968302346958343416888225883450229461065553565482108035559687186088694477114088171242357770951261985819474773012284933895927144538659748934651852663423539212415840681118434875745773095577290646757061603659121912163039719077
2722372750879177461793387585385807299336647682914106982314835585672041363748419600017348398180844552606976993372217267483752527672812470403731729253486784514025493908143556039945533428794313577532838423768582367983116555724055550082825861504929108036502045291588377538982159217081125453759410889459390651691144324127278302349239784509205294328234292398878359001055876628867507292156501287147521817191430818527064316900484560905465915574989826436614441307308529752302614125680330007102751717893176714139147847408083538755979290438712603897635331255026586199806361314947732553018023315697114
0
2878710832893219368291613349507141653866409619568480200218091181551287457046759099976417246419121031359456514342685480328509523350498984938861811006816406729173551313261733544492611187706789737026707504639008715503510996416830787662985123883872446639161191182045943688216184559780176260922635294767827909633644062621427396622505347756672853161262348376557457499116784502304256455045772278702259907412713304512348269834350052430399033277019844040255088106453195148589389636952156073598437923185409155287954744671460060159397960309053584903390833472384905307283405853328430156838585356392685
0
193840203790304042250767797474960539491582379902612111712414438393500980507329110390448649457078095288462560173755154346954487313761664580970316315112196107396720442064889215086903998699666572453399821564773284771422763313871980686351370989457677094934359291308860205090545504150749033688388361446129204805193346779544581097096561492765715834552726256537961007667741873060029384686340396278031236138375710624167815027881890246287523789081200897596580259711678441142910696504936723686287629824536011380623156098358210006317660376748675219843331266095732329993308429347390896782113729500905
2983661880631905317160083026973763705552953522342039111107113162241566807774136615734187356421804912512006928195412623687698008831266765497464022982676799010988456466880282582022030021241742410781775675237026550650106451272430911880600084274850832616139021870272372666222708562185796798102930638533719362033869239771156450942043216722918741536651401492437566278555850644819000488892504830893119154086387659542419631980906315961202486071631939984730425735276802010415467531885140282304697730833912026398648812356294409280829023573815204516876646860983381161278156440659153529486089645513104
1035200848945509200340642026964115538235385281152454734375990163272113917090265324473356884763539776694614494656276676294192994976013552235823895746333307930030933677182386034887092638257359640312474146730114463012067209511526456050794446731562964238467213088727206336956439351549109356394337379048869380611493062897640597220825530628087604713363491771810782021706334477427002620853981119821301471779475264809075892595104708858797690067522620754068112068924842313127273915298401676957819467679985606289246430042666215481250132256545439816948321175114601943565398540999808827697003892087194
4610448096325100495627621904688649172057932239679193404202583161680859747635977947996220157879688125390573570810625004050437462000557227750582764992016553268926146473184221713839682283694582467211607812159796701659691431009444134347562079366481358582742840738198244807222608076895145905631271775051412797548183064879893401222533407821843834285831382706043666852945869223728178063388386594915538190865634446230170038166289871853740132959450502685332248934875338169259646396088566774897826136024073565551964921806806249489713560490384339783653574507738691412798145841829148766948225870320779
2461153753993136161547060675745737345587657662734838560052673201266759664020134399928585650106461102772714974346245217409852647140845118041904997661644886744816163718006369614113873399146973943378416728037565690069409890938639297493854562359406585837190044120255621548439413785275675195804333436042852397700606665378318336529120716754620951076867898474433835525950417401561189815693319896790314812503772826434752625441372005580239158266170817074429779314401986791694876505605350622061040065183484790807885249932367317080127866129283097357289903289643212319489904996414421307408916276192917
0
2148438139153972742631370485620847876205956732226529432600472567868333804243296907511278061877545154963097313155242336621978432911694041682293025945605056302160262476923118722260327839416707813625687693546238375340715548486747965166960602209072566373024917435403610035539622425457850543500231934775008249956919241414815093869412209076259955337443144741615760727627232112350963304152776863587705315188892964988227567305267328340102975733245281479811115208731000883200867622857967757450367710527503633553783370572940485330060806699582628235535515135264060989221705943289036250726615265845554
0
0
5978859331196077367443191575918269211675789213507677485616385629698164243829985956795357308408529292238668181552244933199723763704481089064543313193987263315824415507482680797188940750503485749682195703626679289548518956183113110622051863351954125768760327093236795994060359483686992461402922785915699957205919538290279293471377166070029076721421399624648027796212128028113594771813850480618499548974281761339118619393486386632039549787829914109251247698459005553690396397243945472817384924141012224284738034201303056853121759906953021138481536211964489635446831027952421361744640891134233
8098688742451749717088007503980724958560263579237708829612323246037716512692773327820055949662836078297547467109854175949515532428378936770758659903570907845434646929980632062407392560722917401785495149803925278362930398331325603516482028234689535034833431264434018786856107192904574238610938282071754219554089470565944130111559279513999074250861374273963272077431163438982975537722663486134545220175998510687842401436146693133429989596049903807956220630287152020178057534239499683983952235361944579409773303127398136018439956105661253180217075594098034060994879339042901228814531619049392
0
0
4947182475023524507781324850533246772616182322788547149816416549381022581932988153338107946559146337427452105479322006811325425607541512710210150356755319792592463546840696449447903230465804817378216321426611480876930124213526751544160548812630748680552319069246074408000260287867921813286087711131553906089418905400349827205242591639071110007008564224997346363783046017917826672796328590913605660982216846294071876496000622276166457588416896854396235693341208649665690818839895366582534591592779514022325159131727508865201676165142228761855960055998204222432303127410551927233524457123325
8546034639312923170262954454878279178787570043081308486699264500290463089436245653072030610375740621451704164953032963449559669834642453878642883801451430976161076590941215761943805370818486674880494310813349186366414110564357099102998586843876357113898105070748962003414355374732654770853887378514860407463367161237204630614637676640855118800669491384218262439680892232090924508460606102459297189805335858266264074241620422552143558605973029943823239268267703725904618147424467506774728303139036571542520442379156947072426386185960384976201103505114058050581953582260088381578710271987946
5719342353265960629034461934279662295352630521517742635390031840868456843015444572480016160726775063746074467741693475130705029431895501054793442118391058060664729095840030296852970083824424248755040084196752719883052234872664930944034360002669662171820042501441309745714658370076164910485936802333571841802810934929088358470247869185780514253885329775067372176242093640393518964560432721637823044316482571103733977809452679889594450807995214750074132229405638980024242329747148328476335615166555280032090253297072062711485955276694561272300586865831844589232135957060386911391807796186142
2471694628789084795140112470441264671174814555149280076028352429895731622095238551879480011247951621358108923727185884688807035128936389010007306797743351017204339178457464824686611373343307368263385725882104859241025145491391429672995625025818877930701000440908765440322133946841839249477890275301263281507286218448983932925818749808063229574463108961755308825860022934211485983015117249383441211177861845692671671295777429765959491606822256142323514287499317749260048019655488278890227643375663554080520890157884329476623723802164989913005793321337222119036065123168493610282388859995567
0
2126727650914581925545205836612727486041651535357855726485439916221804033005251586418213625507009314336166288622722569036065592043194801333718822207673704436498506096379555888957963797688281951035860735833976426744612300567040718962146146593872899646965392731313886520907498978960853442758653104944411805848361563425588655386199168837956315263161811674008220838993721921258659918650988668487109843662813688968691598636864670502001368059731009226546403695210223283965870836987969749921703857100586010501650276462980000025654604520167880087011391441661910221348052034838845905531145126155794
2518354631869543488479936609416278255161511247149087636506736034339994838554546699318848676266088102010498490961922927655433297455195857125171531687861647911867780601206290010583756721870014657081911568505254131081897289392085225317746582128247139524863614967105261717024377796217372198517932265458096456920455193728885978573293988289125329284842838392495293539303773685686749287509409477439228863077164347954838405064262184518666147156217000456959317670917568314143133784410556476821979292057056094290157686023197886481015840232283784717455081429153932855718470286461635354276709768990381
581384550722208637770810501239403795022620184910437785412191218560664488328525311087523531922182059965615721451684321485060868041893738835366122583304787476753662669420792492983431005897746140930150603744654918976268392248458384681373742471734586251486588069847030917639348282932165815753037344759242219495424278089767500825777278067792632358233384722434135305877395923177678648099832821046951574426041461187793432794583879913558710165991678468236013697827631780382305901924137968534854961030656804909666336177993500231952443269163017960994423406905705282614774262416488303002754294178596
838370823603213756394490354649434738982037260229295869368048394131581926224295906469159224943704722139452720951531818355850831248137452660077899724588579449992148512040270560555100876342778794502947817209727136361202714884849775258386245090814127445435508847515258365476225750814781777883339566615261086190832900532189115828955644427711981181329059315765250351672927031451269496079579661541464268058614015854860686396806386485969457231490580187768748294444534632574243855908216965168131790554016978178465282113964594424593162603839064641900615289937491746927229299805178211891590491661385
2646154192106873922012987655825869480267153281378521200556466908758055439347580164632698879167341228613143895895665060073575254531026768872530934274372737293740632840812638883440865521805154891078618662344111120930044846520252500303738670822547103637485719725851877900477712821395326442061643429921961837367136291540239269161588826185136393825859703278190780018881070419542763373794903469526279838610216870209228875092484219269780922204534836201836633100452825780967626902540598293349068619979144954702656357594527913161889381383616148215158335808988780996971034460906445765820979936226342
5086996926543762995242427589965433605288348874996160152142548838670946797609758199435136296661782795365964829874145412112622792166689820990195310841486158752606946215439991785128023566487457201760300800516010113599582017600165215441636394158480370653017343638601138076508265258638434199382323306106623640057380467354387401631976807614101674405699312495734512700334284758307819568300588317728299390601740601523765163332641579663011487006781425889945539560893880965054431992331126634278934594297677744993994668848006044568566557882692449563565775785893363308997288671924762928810351531457023
