1540280581933001085
4319641928323041856
5101246267341080785
3168727540818915888
1911536462689838777
7690708880971415572
9216788406108911766
5684776644578087151
4112595603509674457
145513189263300897
667342642834037603
7520793799258066669
5697023377645642589
611830730300141020
4825536757044267588
785155069755290856
4420136127350632639
4534888717821077728
8895148347886753195
2002992609565696602
4529444331255517196
6693882339407855851
7851775727485271584
7615153003151442540
854272179842704654
5553398957277131935
8835498988465192992
1149452906137939825
7076657577977930538
9077690018157205312
