18
25
28
38
42
56
57
59
60
63
68
71
73
84
87
91
94
104
112
123
135
137
138
152
155
156
157
159
165
179
202
203
205
206
211
215
232
243
257
258
264
270
274
275
281
285
287
290
292
309
315
326
328
329
330
332
334
353
356
367
370
373
389
418
436
439
441
447
474
481
483
494
497
498
502
518
536
540
541
574
577
588
594
596
611
621
623
632
641
650
659
663
664
676
680
689
690
694
700
703
714
730
731
741
749
750
751
752
757
775
776
780
786
787
810
818
820
823
827
836
847
851
854
855
857
858
877
885
887
896
900
910
921
938
939
942
952
965
971
975
983
987
996
997
998
999
1001
1009
1013
1022
1027
1033
1043
1046
1050
1051
1055
1063
1065
1067
1098
1114
1115
1117
1121
1122
1135
1152
1164
1170
1184
1199
1203
1205
1212
1214
1218
1222
1226
1238
1240
1247
1249
1253
1257
1258
1265
1267
1283
1308
1325
1327
1329
1344
1355
1360
1371
1379
1381
1382
1404
1425
1429
1431
1432
1437
1462
1463
1468
1472
1481
1484
1485
1495
1497
1500
1501
1502
1506
1525
1533
1541
1551
1552
1566
1578
1591
1597
1599
1606
1610
1620
1633
1644
1647
1649
1650
1657
1658
1659
1669
1683
1686
1689
1702
1706
1708
1709
1714
1723
1724
1726
1731
1734
1741
1751
1753
1754
1759
1775
1778
1789
1790
1796
1804
1810
1813
1823
1833
1859
1867
1876
1884
1886
1892
1895
1898
1903
1918
1937
1938
1941
1951
1955
1957
1964
1989
2006
2010
2021
2023
2029
2030
2035
2039
2075
2078
2092
2101
2124
2126
2127
2128
2146
2174
2188
2191
2197
2206
2222
2229
2244
2245
2249
2253
2254
2255
2260
2279
2295
2305
2307
2311
2312
2316
2324
2326
2336
2338
2344
2356
2357
2373
2376
2400
2408
2413
2421
2432
2434
2435
2446
2447
2452
2463
2467
2469
2482
2486
2490
2496
2515
2518
2522
2542
2552
2558
2562
2563
2571
2587
2588
2595
2603
2609
2612
2620
2624
2625
2629
2631
2632
2633
2635
2650
2657
2660
2672
2673
2684
2699
2704
2705
2712
2724
2726
2728
2736
2752
2755
2756
2758
2760
2770
2771
2777
2783
2789
2801
2808
2810
2812
2815
2818
2823
2832
2837
2872
2875
2880
2881
2884
2896
2899
2900
2901
2913
2924
2926
2927
2935
2939
2959
2982
2995
2999
