0,1,2,3,4,5,11,12,13,14,15,16,17,18,19,20,21,22,23,24,25,26,27,28,29,30,31,32,33,34,35,36,37,38,39,40,41,42,43,44,45,46,47,51,52,53
0,1,2,3,4,5,6,15,16,17,18,19,20,21,22,23,24,25,26,27,28,29,30,31,32,33,34,35,36,37,38,39,40,41,42,43,44,45,46,47,48,49,50,51,52,53,54,55,58,59,60,61
0,1,2,3,4,5,6,13,14,15,16,17,18,19,20,21,22,23,24,25,26,27,28,29,30,31,32,33,34,35,36,37,38,39,40,41,42,43,44,45,46,47,49,50,54,55,56
0,1,2,3,4,5,6,15,19,20,21,22,23,24,25,26,27,28,29,30,31,32,33,34,35,36,37,38,39,40,41,42,43,44,45,46,47,48,49,56,57
0,1,2,3,4,5,6,15,16,17,18,19,20,21,22,23,24,25,26,27,28,29,30,31,32,33,34,35,36,44,45
0,1,2,3,4,5,19,20,21,22,23,24,25,26,27,28,29,30,31,32,33,34,35,36,37,38,39,40,41,42,48,51
0,1,2,3,4,5,6,17,18,19,20,21,22,23,24,25,26,27,28,29,30,31,32,33,34,35,36,37,38,39,40,41,42,43,44,45,46,47,48,49,50,51
0,1,2,3,16,17,18,19,20,21,22,23,24,25,26,27,28,29,30,31,32,33,34,35,36,37,38,39,40,41,42,43
0,1,2,16,17,18,19,20,21,22,23,24,25,26,27,28,29,30,31,32,33,34,35,36,37,38,39,40,41,42,43,44,45,46,47
0,1,2,13,14,15,16,17,18,19,20,21,22,25,26,27,28,29,30,31,32,33,34,35,36,37,38
0,1,2,3,4,16,17,18,19,20,21,22,23,24,25,29,30,31,32,34,35,36,37,38,39,40,41,42,43,44
0,1,2,3,4,15,16,17,18,19,20,21,22,25,27,28,29,30,31,32,33,34,35,36,37
0,1,2,17,18,19,20,21,22,23,24,31,32,33,34,36,37,38,39,40,41,42,43
0,1,2,3,19,20,21,22,23,28,29,31,32,33,34,35,36
1,2,3,16,17,19,26,29,30,31,32,33,34
1,20,23,24,25,37,39,40,41,42,43
2,3,26,40,41,42
34,35
29,30,31
38,39
