(1,11,20),(4,6,9),(1,0,10),(2,6,11),(2,15,18),(2,0,7),(3,0,1),(2,0,14),(1,1,7),(1,18,20),(2,11,20),(3,1,3),(1,0,2),(1,0,8),(3,0,11),(3,7,20),(2,16,12),(1,16,20),(3,14,18),(1,0,2),(5,0,2),(2,3,8),(1,0,2),(3,7,20),(2,0,3),(2,0,12),(1,0,8),(1,1,7),(1,11,19),(3,5,19),(2,1,20),(1,4,15),(1,4,6),(1,0,1),(3,1,10),(1,20,12),(1,5,11),(4,14,11),(1,4,9),(1,0,8),(6,0,6),(1,0,3),(1,0,11),(1,17,18),(1,6,7),(1,0,1),(1,6,8),(3,0,8),(1,4,14),(1,1,17),(1,1,6),(2,0,10),(3,0,16),(1,0,12)
(1,2,4),(2,9,8),(1,11,19),(1,0,4),(2,22,13),(3,7,13),(1,7,11),(1,13,20),(1,2,15),(1,10,16),(3,19,16),(1,11,6),(1,13,16),(1,4,10),(2,30,20),(3,0,8),(1,3,7),(2,12,20),(1,19,11),(2,6,1),(2,10,15),(2,0,4),(3,3,16),(2,0,3),(1,0,1),(1,8,19),(2,0,6),(2,0,3),(1,0,5),(1,26,18),(1,23,15),(1,0,6),(1,17,19),(2,14,4),(1,1,1),(1,0,1),(1,0,2),(2,28,9),(2,16,15),(3,16,3),(5,0,1),(1,0,12),(1,0,6),(1,1,19),(2,0,12),(1,0,4),(3,30,17),(1,8,18),(1,6,6),(2,22,20),(1,15,19),(1,16,14),(4,22,17),(1,10,16),(1,10,15),(2,10,19),(1,12,8),(2,24,20),(1,24,18),(2,32,19),(1,13,4),(2,30,14)
(1,5,13),(1,11,19),(1,23,8),(1,30,20),(4,27,14),(2,12,9),(1,8,3),(2,34,20),(1,3,1),(3,0,7),(3,6,1),(1,2,15),(1,0,13),(3,15,15),(5,32,4),(1,0,3),(3,28,12),(3,12,5),(2,17,7),(1,36,14),(1,0,10),(2,17,9),(2,24,10),(1,0,1),(1,0,5),(1,0,12),(2,11,19),(1,5,6),(2,8,4),(1,1,3),(2,21,9),(2,5,13),(1,18,8),(2,10,11),(1,6,2),(3,2,15),(2,14,10),(2,20,14),(2,19,1),(1,14,8),(1,9,11),(2,7,18),(1,8,19),(3,8,16),(1,8,10),(2,1,2),(1,0,4),(1,5,14),(3,0,13),(3,38,13),(1,26,18),(1,0,12),(1,30,19),(1,0,13),(2,2,20),(1,6,6),(3,18,17)
(2,42,17),(1,0,15),(2,0,20),(3,9,11),(1,13,11),(1,15,15),(1,11,7),(1,12,15),(1,0,9),(1,0,9),(4,27,13),(1,6,9),(2,0,2),(1,2,2),(1,12,15),(1,30,1),(1,2,8),(1,7,12),(1,0,15),(3,0,4),(1,19,18),(3,25,17),(1,14,18),(1,15,18),(1,13,10),(1,20,15),(5,0,5),(1,1,19),(1,10,17),(3,33,9),(1,19,9),(2,19,1),(1,0,9),(1,4,12),(2,9,10),(1,0,12),(3,0,1),(2,25,6),(2,14,3),(2,31,19),(3,0,3),(3,14,15),(2,7,11),(1,18,17),(2,16,5),(1,0,5),(1,40,2),(2,20,11),(2,24,19),(2,20,14),(1,6,7),(2,0,4),(3,15,20),(1,0,6),(1,22,5),(2,21,5),(5,14,1),(1,0,16)
(2,0,9),(1,0,1),(2,5,1),(1,0,6),(2,0,4),(1,0,15),(2,12,11),(1,0,9),(1,0,7),(3,15,5),(1,16,17),(3,0,3),(3,49,13),(2,0,9),(3,23,14),(2,8,12),(3,0,11),(1,0,4),(1,10,13),(1,48,20),(3,0,3),(1,0,3),(1,17,9),(3,26,10),(2,0,19),(6,0,19),(1,0,1),(4,27,8),(4,0,5),(2,19,12),(3,14,13),(1,9,1),(1,11,2),(3,0,6),(8,11,14),(2,0,3),(2,0,11),(1,7,15),(1,24,18),(2,15,7),(1,0,8),(1,0,8),(2,0,7),(3,12,17),(2,32,18),(4,0,9)
(2,17,5),(2,7,2),(1,24,15),(1,0,7),(1,0,19),(4,2,2),(1,23,19),(1,19,11),(1,1,16),(2,0,20),(1,4,18),(1,0,2),(1,12,19),(1,19,14),(1,0,8),(1,0,7),(4,0,5),(1,0,17),(1,0,6),(4,0,3),(6,0,6),(1,11,16),(1,22,18),(4,3,2),(1,57,19),(1,0,3),(3,29,10),(4,35,3),(1,6,18),(3,0,10),(2,0,4),(1,12,18),(1,0,15),(1,0,1),(7,0,18),(3,31,16),(2,25,4),(2,21,20),(1,19,19),(1,0,8),(1,20,15),(2,0,1),(1,14,13),(4,34,10),(1,2,4),(2,4,4),(1,3,6),(5,18,8),(2,32,1),(1,0,2),(1,0,16),(1,10,6)
(1,0,3),(1,0,2),(2,7,8),(1,7,9),(2,27,14),(1,0,13),(1,27,20),(2,18,14),(2,28,4),(1,30,19),(1,3,3),(2,38,13),(2,0,13),(3,10,8),(4,0,19),(2,7,3),(1,0,13),(2,18,6),(1,15,12),(1,0,3),(1,0,6),(1,12,13),(1,0,6),(1,17,20),(2,29,20),(1,0,17),(2,1,20),(1,0,12),(1,0,5),(2,0,20),(2,6,15),(1,0,4),(1,0,8),(2,0,16),(1,0,19),(1,11,12),(1,0,2),(3,34,3),(3,22,18),(1,0,1),(1,18,9),(1,18,7),(1,24,13),(2,16,2),(1,33,20),(2,9,19),(1,0,17),(5,0,12),(1,0,3),(1,6,20),(1,0,13),(3,19,9),(3,19,14),(1,0,14),(1,2,2),(1,0,13),(2,34,17),(1,15,9),(2,0,13),(1,8,19),(1,16,16),(2,0,18),(2,0,3),(1,9,11)
(2,0,8),(3,0,10),(2,31,14),(2,18,14),(2,0,7),(1,0,4),(1,0,20),(1,0,5),(1,1,15),(2,3,2),(5,37,17),(1,3,11),(1,30,17),(3,64,8),(2,8,11),(1,0,18),(1,24,17),(1,5,14),(1,0,12),(2,18,1),(3,0,19),(1,0,13),(1,5,8),(1,47,20),(2,25,15),(1,0,14),(5,32,20),(1,1,10),(2,0,20),(2,0,15),(1,4,15),(1,0,1),(1,0,3),(1,0,8),(4,0,4),(2,0,9),(2,4,19),(2,0,13),(2,9,5),(2,21,4),(2,20,2),(2,20,2),(2,2,16),(4,19,14),(2,4,5),(2,0,20),(1,0,1),(2,15,17),(1,0,15),(2,21,9),(1,7,20),(1,2,4),(2,0,8),(1,0,3),(3,31,16)
(3,11,5),(1,21,11),(4,42,14),(2,0,7),(1,18,19),(1,0,19),(1,10,14),(3,31,9),(3,15,20),(1,0,4),(1,0,5),(1,0,17),(1,15,16),(2,0,17),(2,2,15),(3,7,10),(1,0,10),(1,6,9),(1,15,19),(1,0,16),(2,16,15),(1,31,5),(1,13,12),(1,23,14),(1,14,11),(1,12,12),(1,0,10),(1,1,2),(2,15,6),(6,61,9),(6,77,4),(1,0,15),(1,6,6),(1,8,3),(1,1,3),(3,11,9),(1,28,12),(1,24,8),(2,0,8),(3,20,16),(1,0,1),(1,5,18),(2,0,8),(2,27,6),(1,28,7),(1,22,5),(1,0,19),(2,1,18),(1,0,8),(1,0,1),(3,0,5),(5,37,6),(1,0,5),(3,0,5),(3,0,16),(1,4,7)
(5,0,14),(2,0,18),(1,0,17),(3,34,15),(1,9,13),(1,30,14),(2,23,20),(1,0,16),(2,0,13),(2,31,15),(3,50,17),(6,40,20),(1,5,11),(1,20,15),(3,62,17),(2,11,12),(1,4,10),(2,40,13),(1,3,11),(1,12,20),(3,35,9),(2,0,14),(2,0,8),(1,0,17),(1,0,18),(5,0,5),(3,0,19),(3,29,17),(2,32,18),(2,1,5),(1,14,14),(1,33,14),(1,25,11),(2,5,3),(3,0,8),(2,0,3),(2,9,6),(4,13,16),(1,25,14),(1,2,16),(4,38,11),(1,0,18),(2,0,17),(2,0,5),(1,11,4),(1,15,5),(5,0,11),(1,0,1)
(2,15,9),(1,19,3),(3,0,17),(1,0,10),(1,15,14),(3,12,20),(4,52,1),(2,13,10),(1,16,19),(3,0,9),(2,0,11),(2,0,18),(1,0,18),(1,0,16),(1,0,14),(2,1,1),(1,26,18),(1,0,13),(1,0,15),(3,0,10),(1,16,15),(2,21,15),(6,40,15),(1,0,3),(1,0,18),(1,0,1),(1,0,13),(1,0,5),(1,0,6),(3,27,14),(2,0,14),(1,0,12),(1,21,13),(1,4,14),(1,0,5),(1,16,20),(1,0,9),(3,0,13),(3,0,17),(1,19,9),(1,0,3),(6,0,18),(3,0,13),(1,6,8),(2,14,4),(1,0,4),(1,0,20),(1,0,11),(1,0,9),(1,0,13),(1,0,9),(3,0,3),(2,0,11),(7,33,8)
(2,31,20),(1,0,6),(2,0,4),(1,0,8),(2,15,8),(2,13,14),(5,0,10),(1,0,1),(2,0,4),(1,10,7),(1,0,13),(3,29,3),(1,22,13),(5,108,4),(1,13,10),(5,30,8),(1,27,3),(1,8,4),(1,0,13),(3,0,4),(3,5,14),(2,0,11),(2,0,12),(2,0,7),(1,0,20),(7,103,18),(1,5,8),(2,29,14),(3,25,11),(2,16,4),(1,37,16),(2,23,11),(2,32,17),(3,4,1),(2,13,12),(2,0,7),(2,19,4),(1,0,7),(5,80,11),(2,0,4),(3,0,12),(4,0,11),(1,0,14),(1,0,16),(2,0,15),(1,0,1)
(1,2,14),(4,0,15),(3,47,15),(2,1,1),(2,0,10),(1,0,14),(2,0,17),(2,6,5),(1,11,15),(3,0,12),(1,0,1),(1,0,18),(3,0,3),(1,0,4),(1,0,5),(2,0,4),(2,0,8),(6,0,9),(1,0,16),(1,8,18),(1,0,17),(1,0,3),(1,0,17),(3,0,18),(2,8,5),(1,0,9),(2,74,12),(1,0,9),(2,0,13),(3,0,13),(2,0,12),(4,17,9),(1,2,2),(1,11,8),(1,18,11),(1,11,20),(1,15,18),(1,0,5),(2,14,9),(3,14,7),(2,6,11),(2,13,19),(1,0,6),(2,6,10),(2,0,19),(1,0,15),(4,0,5),(2,17,5),(1,0,1),(3,0,10),(1,0,1),(1,0,11),(3,2,17),(1,0,4)
(2,16,1),(2,46,16),(1,31,3),(1,0,9),(2,0,16),(6,37,11),(1,0,19),(2,17,3),(1,11,9),(1,21,13),(1,34,20),(2,0,7),(5,0,12),(2,0,16),(1,7,2),(3,0,5),(1,0,5),(1,0,12),(1,5,7),(4,0,4),(3,6,7),(1,0,3),(1,0,17),(2,66,5),(2,0,6),(1,0,11),(2,0,8),(9,0,20),(1,0,16),(4,0,5),(1,19,16),(1,21,10),(2,0,6),(2,11,10),(1,17,8),(3,0,11),(5,1,8),(1,0,20),(1,0,17),(1,0,5),(2,0,15),(1,6,12),(1,17,12),(1,0,15),(2,0,4),(3,6,14),(1,0,5),(1,12,19),(1,13,4),(3,58,10)
(1,0,4),(2,0,9),(1,22,8),(2,8,20),(3,0,4),(5,0,1),(4,16,10),(2,8,2),(3,49,4),(1,22,17),(3,3,15),(1,0,17),(2,0,2),(2,0,19),(3,15,3),(1,7,8),(1,22,7),(3,47,8),(1,10,18),(6,10,11),(2,16,15),(2,17,10),(4,0,8),(3,0,10),(2,12,4),(1,7,20),(2,45,14),(2,0,2),(2,0,14),(1,25,20),(3,4,10),(1,3,11),(2,58,20),(3,95,17),(4,34,17),(2,0,1),(1,0,6),(4,0,18),(1,0,2),(2,0,17),(1,23,15),(1,34,5),(3,35,16),(1,10,12),(3,15,6)
(1,10,19),(5,0,10),(3,0,18),(2,0,6),(1,0,7),(2,0,11),(1,0,9),(3,0,7),(3,0,9),(1,0,1),(3,0,4),(1,0,5),(1,0,5),(1,0,7),(1,0,15),(2,12,4),(1,0,12),(2,0,9),(2,0,3),(1,13,15),(2,12,6),(1,0,8),(1,0,1),(1,0,9),(2,21,5),(1,22,6),(3,45,20),(1,0,16),(2,42,13),(3,0,1),(1,0,18),(1,0,2),(1,0,11),(1,0,2),(3,50,12),(4,0,9),(3,0,2),(1,10,4),(1,0,15),(3,0,18),(1,0,12),(2,0,12),(1,0,8),(1,17,4),(7,144,16),(2,3,18),(2,68,17),(6,14,8),(1,3,17),(4,0,15)
(1,13,15),(1,0,7),(2,15,6),(1,37,14),(2,84,8),(1,14,17),(2,17,14),(1,0,8),(3,30,16),(3,1,2),(1,16,15),(1,16,16),(2,0,11),(3,0,3),(1,0,8),(1,0,19),(1,0,11),(2,0,16),(2,0,1),(2,46,17),(1,0,3),(1,0,11),(2,0,8),(1,0,19),(2,0,6),(1,1,4),(4,69,11),(1,0,17),(2,0,19),(1,0,1),(1,0,5),(4,0,12),(1,0,12),(1,0,17),(2,0,3),(1,0,3),(3,0,5),(2,0,2),(3,0,5),(3,0,6),(2,23,1),(1,0,14),(5,0,8),(1,0,8),(3,0,13),(1,0,14),(1,0,8),(1,0,17),(2,27,18),(2,33,15),(1,12,9),(3,16,18),(2,0,6),(5,47,6)
(1,18,19),(1,18,16),(1,2,9),(2,0,14),(1,0,6),(1,0,2),(7,23,11),(3,27,19),(1,6,10),(1,0,4),(1,8,2),(1,0,10),(1,0,5),(6,0,4),(1,0,14),(1,0,12),(4,21,15),(1,6,2),(9,0,18),(1,0,17),(1,0,15),(1,0,7),(1,0,17),(3,32,19),(2,0,3),(1,0,16),(4,38,5),(2,0,5),(1,0,3),(3,5,4),(2,30,11),(2,0,2),(1,19,18),(1,0,4),(3,0,7),(2,0,19),(1,0,20),(1,0,9),(1,24,12),(1,0,5),(1,0,5),(1,0,6),(2,0,13),(1,0,7),(3,0,9),(4,18,11),(1,7,13),(1,9,10),(3,0,11),(4,0,5)
(4,54,16),(2,0,2),(5,0,14),(3,5,11),(1,0,18),(3,0,4),(2,31,19),(2,0,3),(2,0,4),(1,0,19),(3,96,7),(1,0,16),(1,17,14),(10,14,18),(3,0,2),(1,0,2),(3,0,18),(2,12,3),(2,0,12),(1,0,3),(2,0,11),(1,0,8),(1,0,14),(1,0,20),(6,0,5),(1,27,3),(2,6,10),(1,19,3),(3,0,7),(2,14,7),(1,13,11),(1,8,6),(3,99,13),(1,0,11),(1,0,8),(6,82,14),(1,0,8),(1,40,3),(2,0,13),(1,1,14),(2,55,6),(1,13,14),(2,14,1),(1,0,13),(1,16,12),(1,0,15),(1,0,16),(1,0,19)
(1,0,20),(1,0,6),(1,0,7),(2,0,12),(3,29,9),(1,0,11),(1,0,11),(1,14,17),(1,0,14),(2,0,8),(4,39,20),(1,12,18),(1,5,16),(2,0,2),(1,0,10),(3,0,15),(2,0,15),(1,0,10),(3,0,10),(2,0,4),(1,15,17),(2,31,19),(1,6,8),(1,0,19),(2,41,16),(2,0,6),(2,0,15),(5,43,5),(2,0,10),(4,30,16),(1,0,1),(2,0,6),(5,0,10),(1,16,16),(1,26,8),(1,21,17),(1,25,8),(2,10,11),(2,22,10),(2,79,3),(1,0,2),(2,0,20),(2,0,15),(2,0,7),(1,0,17),(1,0,20),(2,0,18),(1,7,14),(5,0,15),(3,0,20),(1,0,19),(3,36,18),(1,0,7),(1,0,2)
