(4,3,5),(2,8,19),(2,5,13),(1,0,6),(1,0,8),(2,4,15),(4,2,18),(2,0,8),(1,0,11),(1,3,19)
(1,0,8),(2,2,2),(8,62,18),(1,7,3),(2,12,16),(3,11,6),(3,34,18)
(1,12,14),(2,5,11),(4,0,11),(1,0,20),(1,0,2),(2,0,11),(5,24,14),(1,0,8),(1,2,18),(2,25,18)
(1,12,6),(4,0,3),(1,0,18),(1,0,13),(3,0,1),(1,0,5),(1,2,19),(3,8,17),(5,44,17)
(1,5,4),(4,0,3),(1,0,4),(2,0,5),(2,0,5),(2,10,16),(2,26,20),(3,0,8),(1,0,20),(1,0,1),(1,0,20)
(1,6,7),(1,15,12),(1,7,9),(1,0,19),(1,0,15),(1,0,17),(2,16,5),(2,0,13),(1,4,17),(1,4,4),(3,45,10),(1,0,2),(4,56,14)
(1,4,1),(1,11,19),(1,18,14),(1,0,6),(1,0,13),(1,14,13),(2,2,18),(6,22,4),(4,0,10),(2,0,8)
(1,8,12),(2,20,11),(5,119,6),(2,0,14),(1,0,1),(8,0,9),(1,0,8)
(3,7,1),(2,0,20),(1,0,13),(1,0,19),(1,0,17),(4,52,11),(1,0,7),(1,0,8),(1,0,3),(5,59,9)
(2,27,19),(2,0,2),(2,0,14),(1,0,2),(2,0,7),(1,0,15),(1,0,17),(2,0,15),(2,0,1),(4,0,17),(1,0,15)
