2501
348,677
2101,501
2203,2279
607,1555
1659,1519
2057,1935
725,1307
1185,970
491,1037
840,2348
1783,2191
2305,1561
976,782
622,2193
2009,693
454,1847
1828,1506
886,1409
742,1836
2481,1895
523,2105
854,1322
1173,2190
1269,27
705,2435
1628,1263
1747,691
2163,1072
2358,75
2266,1812
1839,524
456,1741
1909,1154
1741,633
1007,2495
1743,1406
470,2426
2457,1410
1255,1919
1939,1403
2201,1189
1336,1235
278,269
1842,1189
1811,462
1861,2296
1245,246
7,1585
1914,294
2209,1902
200,1249
843,102
1054,2336
1416,358
1142,1094
551,570
319,1656
1124,1568
308,2085
2023,83
2481,1601
1343,788
1821,1343
1374,1314
650,697
2160,1416
2103,2501
1988,511
1829,405
1159,1637
109,1963
607,1968
1342,231
2182,1221
2237,1770
1885,1482
701,1079
1467,1215
1659,2224
756,2231
2402,1338
2011,2058
922,327
1034,1186
1124,1417
1399,294
619,2293
1741,2367
1995,934
1140,1890
629,898
1371,857
2170,1199
869,1937
2078,284
1878,1500
728,499
1174,570
96,594
424,603
670,120
185,101
821,37
217,429
2355,744
2435,1448
490,3
2251,892
109,2441
2232,1526
1592,135
1856,125
2298,59
2020,1290
451,1815
1214,2065
1136,1303
1943,2339
563,2282
1928,31
1410,1288
1215,1220
886,1605
1661,1779
1505,373
442,1848
2134,96
918,2108
447,922
1959,522
1384,102
1768,820
1288,1494
307,1037
1882,2093
2409,619
410,1329
1347,1653
0,1493
931,2341
991,192
56,1614
1958,995
1860,1327
548,789
1363,2062
1599,417
258,2081
34,331
334,2077
2479,1130
155,23
723,1414
980,177
67,1670
1395,1692
121,1425
893,1986
1533,528
1347,1336
2029,548
854,1044
1643,2493
1600,564
2377,214
2397,2448
595,1636
1605,2308
1062,1158
1452,981
1995,2331
601,862
256,908
1390,1666
1594,437
863,2002
1579,1795
977,1669
786,1170
1636,407
985,1047
254,1530
2248,1393
2420,619
1272,649
2278,353
1669,2501
1626,478
186,462
79,871
973,1955
2485,1340
1398,2126
698,1569
1988,836
2094,671
1237,796
511,626
438,1193
2173,1251
114,975
2478,1240
494,617
1287,1444
274,380
1495,390
2246,851
1708,831
2238,2040
2169,1517
2196,2308
1162,2250
1033,1971
1273,1315
497,545
328,1796
2321,1798
2073,1646
1441,1236
1803,2315
121,2091
1593,2411
405,602
1258,265
15,953
280,1440
1652,1966
2389,2288
487,1702
1350,143
1755,862
496,1960
1562,1836
455,1171
339,1976
2458,50
2259,592
1122,1842
301,448
1244,848
182,696
757,612
2002,524
189,2129
879,340
943,299
1920,935
2395,1173
1408,2274
214,1677
587,1193
237,1522
938,954
2281,869
1459,366
188,1428
1132,175
261,882
1341,742
1512,2356
208,342
1161,583
0,1145
1698,641
86,63
109,544
2275,1201
2322,1223
2500,291
131,368
2212,1486
2424,289
659,1064
989,97
849,58
411,493
951,736
1759,2091
1734,891
1630,1789
1594,2494
1584,2219
587,1814
1957,1700
866,1243
260,2315
2078,385
2318,2027
780,876
872,257
1691,1596
1916,189
605,1745
436,1784
999,1977
1760,1627
2446,2270
2122,1447
1696,1554
1201,1743
2454,590
500,781
518,1209
721,910
295,1476
1580,2171
501,1105
277,562
513,2413
236,1043
879,1876
416,933
365,1397
1605,1514
987,1452
1848,2366
1081,1694
648,2501
1074,1225
1658,1155
887,1187
1618,352
261,251
1821,1717
1398,2286
653,491
2367,373
1702,1347
319,865
1019,2227
33,1977
1615,157
2014,722
761,2190
451,2018
608,720
633,365
1226,2253
18,632
666,2135
1486,1882
1153,2419
900,2500
1093,1697
1513,557
1973,1421
888,1192
2280,1958
1297,538
888,1580
871,1547
1338,1451
1947,1899
1344,888
2308,979
48,154
2148,2268
324,2358
875,1817
1086,59
1619,897
2079,1663
137,2256
1877,1692
1041,1537
142,2019
1737,850
2297,868
1337,1313
383,797
895,513
1614,438
2055,2263
341,801
1727,960
1443,1699
451,2135
1392,1705
582,693
2313,1468
290,2425
616,2285
1036,1812
824,1219
337,2501
0,1448
102,632
293,842
0,376
957,1961
459,2387
689,1123
1428,1295
2415,727
2463,493
1140,1241
459,2499
0,2071
992,1896
1579,1191
1078,921
1007,1823
912,888
1218,1518
624,1212
747,203
656,2201
206,445
321,2501
1922,358
52,101
280,2317
847,617
1094,1612
1074,2415
1682,1199
1374,1361
1612,286
1290,1637
560,2485
205,282
109,2398
1429,1524
1108,1025
664,1164
0,769
294,854
627,488
1542,183
546,1354
53,596
1720,1092
2112,1382
182,103
380,853
2295,2440
1776,1591
1856,2501
656,2068
2300,724
1354,1137
1287,2200
1058,1939
1777,2051
2333,1317
1822,1388
1389,884
1502,48
0,368
641,1408
93,1097
531,892
568,1220
2053,33
54,40
362,2126
1848,2090
16,2440
890,798
2426,1697
1422,2151
796,1064
915,819
1312,496
974,1549
931,1704
1447,1929
1927,850
113,478
472,369
2306,527
1097,1160
305,1832
913,1625
82,74
593,853
891,1668
1363,2231
478,370
2253,1044
1418,1896
263,387
2341,1169
389,267
2018,1581
2134,2167
369,1600
801,927
284,1135
258,2428
825,999
581,299
1482,1992
785,116
1388,82
1926,241
1045,611
862,1907
1325,2167
538,1983
180,663
850,2501
522,1484
543,35
1748,1439
2225,676
0,2312
2050,858
1696,245
563,2140
771,907
53,1221
1285,2273
2464,635
686,1138
693,1149
887,701
296,1403
1091,2494
705,1347
214,1563
1557,1998
1360,11
908,2174
1981,441
923,1967
93,1720
1963,1783
1581,2056
2399,1186
894,634
1736,1592
778,1509
2286,770
1346,711
2385,1205
1044,1264
575,1316
744,2107
783,1810
1268,2309
232,815
770,2347
1558,839
1857,2435
754,2449
718,1607
1225,332
2491,683
94,1414
2245,1497
949,1531
2377,430
650,2212
745,1546
1519,1109
1474,185
1638,1682
1187,2492
558,522
2477,1813
1491,2252
2474,55
494,883
946,253
742,1422
5,1268
777,660
1083,1668
55,1171
1357,1596
998,534
2264,243
2481,721
2247,2266
974,2074
543,961
1809,637
329,239
1846,427
666,1538
635,42
1458,688
2047,665
2283,1486
1092,2327
606,965
2236,1351
1024,2492
1117,1224
2304,3
2136,2240
1477,1698
1772,1229
1712,1105
1832,650
1765,35
2099,90
789,590
22,551
2250,2078
1332,373
131,183
2332,2432
1164,649
2201,1867
1380,1235
515,2084
1858,318
164,981
0,5
291,691
249,1801
205,1355
551,2384
886,55
2154,1877
1490,515
171,2378
357,440
911,1358
129,383
1473,630
451,1142
2453,2460
1296,2251
630,1487
2273,2486
1403,909
2416,2481
2492,48
1977,1035
1870,2049
801,1862
1084,1256
263,156
1707,1760
1747,2404
1452,2324
2046,778
1612,1371
612,2125
1743,1715
2115,1165
1660,732
1148,2210
554,661
1120,1798
812,376
1069,2501
2334,16
1123,622
1648,827
356,182
573,1657
1535,1312
1224,698
1822,1997
1748,644
1752,2109
598,1854
2447,1721
281,2138
2308,1903
959,656
1979,2482
928,676
1079,482
1281,412
1927,2474
2497,1481
2111,2180
2136,2005
1493,419
199,1278
319,567
2156,558
1149,461
305,421
422,2470
752,2384
1269,514
2440,2387
109,1093
639,1163
1953,942
387,2499
2267,1194
801,527
2042,1236
873,633
1621,2131
562,234
1460,230
896,59
1738,2304
357,1931
777,205
510,723
1734,785
1275,791
345,1991
2089,1028
1603,84
1935,2476
1485,2383
0,1042
1726,1390
105,1385
1520,468
682,1698
1752,1624
1357,244
2116,1654
941,267
1593,951
873,1703
432,1162
583,1769
762,1681
2166,2224
1945,1643
2355,1646
666,324
1323,1207
2463,2056
134,183
2226,2070
1448,1451
251,642
1801,2105
1517,1066
1824,772
2409,1415
1912,993
1482,237
2078,762
530,1984
1712,1692
2236,796
492,607
423,897
1338,2055
614,812
367,328
1456,1931
1464,86
8,446
2347,1495
1512,340
2123,29
521,2017
2283,2060
57,1529
0,1468
656,2442
1023,923
389,1171
1881,1028
1623,1496
0,1633
1420,2221
162,347
783,744
1899,2042
887,2439
2311,609
1992,1865
795,498
1473,1128
567,641
2207,850
1949,1869
1838,2265
834,2424
888,161
1105,2299
2437,1962
548,2294
118,1683
1623,128
632,2006
1881,17
2104,2016
647,585
1914,2071
457,1092
2136,1342
1412,384
406,1388
487,88
1248,889
2266,612
2163,1011
774,2257
934,1380
2377,1970
712,2123
395,701
197,1034
1176,1846
2366,564
2393,1221
2367,756
2178,2336
1483,1075
493,440
1881,2494
2190,401
13,1142
373,1769
459,1395
170,2338
76,1319
2471,818
2368,1497
903,2239
1563,314
2466,2166
2208,392
83,2187
2374,2501
1292,1623
1176,1768
2338,2282
892,448
915,1316
681,1227
508,1301
232,874
1456,153
2183,196
678,1153
1304,1800
194,1641
1904,2293
99,2170
2299,1941
1382,1599
206,1333
236,873
1283,1855
1720,2344
765,2458
1870,1901
1241,789
0,1033
1,1694
2097,1196
1422,1089
1369,808
1213,2317
1132,442
1628,1837
0,2136
1016,2149
2041,475
2068,1910
1427,1142
371,294
1869,902
990,2185
46,2290
1153,1492
1550,1056
1438,213
1394,1664
885,562
1586,396
2138,720
2389,463
1005,1266
334,908
562,670
1951,1436
1662,302
1645,442
1134,1769
1254,19
1107,863
633,2352
750,464
375,297
505,1599
461,1727
1829,2492
1790,882
980,2408
2118,1666
1201,742
881,923
824,297
2221,1833
2315,2086
426,1149
32,877
2161,1170
21,2454
2461,2137
215,2045
995,1069
1866,1337
1729,244
669,1495
2213,2298
427,1269
957,453
530,880
1609,362
831,256
765,978
1467,760
1117,939
1303,94
1820,1899
1983,2106
1618,65
923,276
729,1983
1616,1529
153,1155
1519,2308
1559,849
582,2306
1141,2327
1288,591
531,867
1329,1412
31,981
1197,1993
555,40
2131,2432
246,1646
195,2013
2000,929
860,1197
1095,1745
104,413
346,2246
2379,15
1094,1217
919,2389
2036,2228
1082,2403
1213,2328
1331,2210
1707,2254
405,1019
2123,818
1158,727
453,901
1368,2185
2423,1996
183,2162
1427,268
2296,1177
460,529
1794,2338
1961,212
1126,2065
1851,1078
2455,1783
319,877
1225,2256
1129,431
1254,742
1111,1325
183,1585
1103,960
618,463
115,1573
725,1043
2400,119
1020,1058
2410,2025
274,922
2466,2107
2351,774
1881,2007
528,1443
358,1
2204,417
105,525
2001,2169
2225,1074
2437,2267
662,2078
306,629
1150,825
2005,577
150,768
1423,392
9,1528
1833,95
1264,689
0,20
1990,2074
1152,2105
133,1866
133,4
1269,2369
1028,24
597,1258
1990,2075
2073,973
1029,975
380,55
321,1406
1549,2398
855,1683
2476,2276
1420,2038
1596,591
851,2275
1447,2492
131,1669
1317,489
2441,1231
469,2374
1642,1293
964,2109
589,1804
1640,1852
1717,2418
1819,2297
1452,841
36,1181
1931,1476
651,1924
1051,1587
1569,2028
1467,2494
2043,243
680,165
1439,907
1769,999
1738,796
2118,2390
581,1495
1005,477
2483,2020
981,340
919,2258
2171,501
690,2428
2492,1099
1366,2180
634,498
1845,1202
1468,1090
2457,77
488,1339
1191,297
1428,2441
2454,1920
820,1856
1370,2346
1358,2345
1931,2046
1518,1007
1297,912
2465,1259
906,778
574,1179
2121,2146
1568,455
604,955
1432,507
396,2223
1908,2247
1939,1163
565,2288
2352,2438
1067,2477
2024,20
1740,706
68,611
194,1334
1547,1288
170,1645
1082,1175
212,2481
498,972
2473,2460
1969,898
2484,2366
2392,483
2132,1436
590,2219
83,1922
1540,982
789,1458
1090,2249
194,639
1302,180
1304,2439
1900,1506
15,1761
416,1818
322,839
1840,2463
209,1703
990,880
1486,2042
1571,80
814,2368
674,2447
2336,1956
1518,2463
789,634
1363,426
2159,2222
183,557
755,1270
2346,1100
2452,1380
234,1451
1117,316
2049,2079
449,20
1603,1654
2209,711
1564,1855
1353,782
1319,629
291,1929
1828,1785
1644,140
54,2243
235,1904
1951,2492
1744,1994
2437,328
698,1100
1014,1420
133,862
2120,1508
2168,1775
997,2212
1026,2342
2470,199
1551,1323
1373,905
1689,828
547,1720
1099,1833
618,123
797,229
1828,1128
1237,1865
1740,1655
2412,1102
2105,1845
2457,1298
552,1856
1692,980
0,565
526,910
2225,519
2161,186
1863,1554
2431,2173
97,427
1319,552
2254,364
781,1287
1558,1893
907,1772
662,344
899,2121
2276,26
1723,1599
529,1355
686,594
1062,1728
693,1820
2069,869
1531,935
932,1068
1752,34
603,926
6,1660
328,742
1851,1848
2347,983
1906,1375
2388,1878
184,1192
2178,2137
1303,220
7,507
1272,954
1370,165
2483,732
1859,918
1144,2422
141,683
775,586
2201,2348
1084,1601
22,94
1416,884
2451,715
1674,451
2460,172
1397,1076
1670,1762
1824,817
2388,632
929,768
723,2317
476,389
387,2388
2377,2181
1426,927
988,1762
1212,1762
1786,2085
2448,2501
272,1614
727,2369
2395,525
449,1265
1484,6
2074,1172
1331,260
1405,1271
2330,1202
2355,1233
2208,419
390,297
272,89
1591,2411
2253,1362
2438,785
1396,743
1285,1768
2034,1630
861,1488
1602,38
1595,1897
321,2125
289,1882
1608,957
2123,2110
787,251
1287,297
1197,1062
895,1226
1221,2369
1064,2074
898,660
1169,949
713,2501
1420,1326
0,419
753,651
1236,195
1100,1743
2084,930
2298,606
1446,806
2228,257
1481,635
793,398
1589,1656
582,811
1553,743
2307,870
56,1918
1916,72
1695,1297
1078,1280
2488,2047
46,1908
839,1122
1217,780
1877,1422
391,1049
1914,15
567,869
806,699
402,1628
484,2198
825,1895
748,2454
2168,703
1416,951
80,2372
1031,2113
584,1293
979,962
0,50
957,1732
1201,1143
1883,80
992,872
84,693
998,1637
1354,1087
429,102
1234,356
410,424
1317,264
10,1025
2164,1691
579,1722
1149,1812
390,2471
402,1668
2489,1603
1669,106
877,1753
1693,743
2428,1412
1488,1614
1827,375
1213,1835
2406,699
655,1974
1046,730
876,143
1668,1197
1103,726
1994,548
1946,1479
1210,356
1477,2501
1266,2218
1345,1991
1519,1325
103,242
2266,2481
1011,380
1615,1675
1833,220
388,475
2197,285
619,415
72,851
816,2119
2301,2470
1320,618
1188,334
99,2275
2095,657
1898,342
2121,1066
1398,2038
1033,1705
180,1347
2268,380
982,950
924,2033
1057,851
1773,396
672,1775
2291,614
1322,1738
1868,2002
1070,1794
149,1514
1777,546
546,1736
2302,1262
190,1190
1724,185
1494,1574
545,708
1879,2242
376,1764
2233,55
511,1475
1067,230
1746,1168
61,1616
2049,2456
633,1474
1152,173
2364,2056
2076,2349
1384,1322
1683,396
1366,1188
1212,288
1456,378
584,2272
1471,1746
400,1521
376,436
1648,1133
1876,536
2198,2122
384,114
750,68
1116,546
737,184
1782,1511
1357,1225
2422,140
1851,443
2258,2242
2358,1960
1775,922
1730,1852
2102,1276
83,2244
2019,126
725,605
39,317
145,1266
1096,1772
1928,504
152,1883
2351,2501
1988,1363
225,2320
1519,1088
1215,2061
334,1728
1034,84
1769,1975
1354,1528
1732,679
272,323
1795,1247
2333,807
1467,54
1820,539
919,2405
565,1333
728,1609
2164,1516
135,680
2500,439
1250,2491
876,144
249,1570
814,20
2416,1244
852,929
948,676
2340,463
2050,641
2100,904
1885,38
1101,2095
291,1699
1242,1940
2012,767
2263,2251
85,1349
2191,1036
700,674
2262,1422
333,2084
1907,1766
1596,1008
194,2202
2083,338
1963,1383
1498,637
741,1044
2260,8
491,806
1040,2240
1837,425
873,281
790,923
1175,898
2032,72
1813,1432
1611,1179
646,1901
1699,1881
2033,1211
721,857
1544,2361
1093,227
838,1804
1772,1840
2398,1839
1314,1368
583,1443
931,553
1029,825
117,1959
1388,754
876,1526
2016,1859
1850,1498
1764,843
904,1590
159,1740
1290,1611
1480,107
719,2178
1952,446
577,2480
439,2093
1760,1543
2106,1966
610,976
2283,1537
1583,2338
1134,1753
1631,1642
1455,1398
2361,520
339,1382
2341,1832
1126,2501
2085,719
879,954
1042,438
1353,1831
1466,601
1578,1891
846,1073
733,1024
343,1898
316,1109
1994,597
2233,1858
2085,748
2082,2004
1680,1698
760,339
1882,609
505,614
2,1412
857,682
880,262
1351,69
280,1536
1225,2385
1484,1262
1626,2501
1340,826
709,427
2144,1993
974,1164
2116,1822
1541,1465
497,869
2274,250
1436,519
298,470
1525,2290
1075,476
1952,1554
429,2253
2279,1277
2466,1298
392,438
0,1292
882,786
986,293
1942,2251
966,1223
897,227
699,2499
2246,2166
921,315
363,1440
1322,2071
880,2131
1503,1347
708,1888
1402,1940
945,1438
1083,940
1908,556
60,310
2309,229
2179,2133
123,2250
1302,2223
1015,2391
1946,2142
1332,1224
420,1541
1564,1189
466,1674
2,1689
2489,2201
1424,1580
2205,2278
2294,1684
1199,97
1661,624
2319,1873
1072,638
576,350
1221,24
759,1289
1566,1577
294,1345
505,1187
6,1356
509,406
1169,2435
1673,1804
626,2290
1740,1991
154,821
1745,594
852,1085
1636,1377
1904,2424
307,2196
1996,716
638,2248
858,686
866,630
1463,2391
1852,683
1474,1219
1389,612
1859,235
820,424
763,377
581,2039
2207,1457
2490,1175
166,759
981,147
1096,889
1386,759
2386,2126
1747,1171
2120,1100
1548,2292
1419,208
565,909
947,525
1710,1898
1200,1241
1236,976
525,2054
173,281
1361,2501
1196,1533
184,877
1494,1292
275,2363
2415,1598
2472,597
1790,2000
1358,2344
1860,121
691,1142
1670,976
2064,2080
36,1045
2053,1976
1264,668
2262,1997
904,1602
312,1265
2413,1453
288,1095
2114,351
1121,1555
2004,2164
1481,2138
1900,1350
1105,1117
1831,2067
1239,581
583,1921
2177,2344
986,729
2120,1221
2180,903
731,2171
199,1768
543,1778
2133,1898
1541,1819
438,563
412,2070
520,2450
1805,1125
0,1823
300,1140
1579,197
784,383
213,418
26,1178
1116,1842
2276,354
2242,1829
1098,526
1056,774
2238,2425
606,2217
1110,579
486,2093
410,2083
2329,339
1751,1897
1354,1666
2057,2040
153,1188
414,196
637,627
326,1566
560,1341
156,1295
582,1546
1067,1144
650,2076
796,735
1677,1737
327,215
2466,464
638,1971
1456,2501
2351,828
2434,2128
872,2489
1767,1146
1472,1668
849,226
1606,864
1866,2138
1016,1671
873,2269
1169,424
1269,1674
1397,1482
574,1884
1374,738
847,308
335,1355
1387,2319
790,1730
2043,1832
1765,1094
526,2501
1635,1129
54,2262
1351,1753
1833,38
2025,1930
537,1393
1056,507
1013,1778
1490,1098
1008,1004
885,611
408,2141
2028,301
120,69
2476,1233
1250,807
734,1878
1342,2118
2388,711
1952,865
1104,2079
1584,279
1916,1192
1397,923
474,2191
1476,968
339,1584
0,1708
1956,197
1474,2269
129,12
269,2169
668,2233
1437,359
129,1198
125,211
1126,2204
1725,90
1286,1095
1218,2370
1959,2096
1103,577
2348,1758
1824,269
2413,2433
1126,1240
1651,1788
1985,1477
727,1293
1472,2283
2217,2173
1847,1517
1320,2365
2040,754
1637,492
856,1946
952,900
1568,2490
1968,261
570,1899
1303,2496
409,1093
1844,2496
1604,1137
2428,1019
645,92
231,1976
2268,1753
932,1345
474,515
2209,2410
2377,1113
785,2388
403,1
951,188
1470,401
0,1506
1938,1335
442,1578
1375,363
97,1691
2129,518
1330,106
682,2441
1589,1029
1330,2288
986,300
2452,1259
1465,1202
1746,1268
660,971
53,2285
1769,548
1652,215
1931,2425
188,521
678,178
1538,890
1945,1379
2272,172
2494,1280
2480,1897
660,1552
2289,1490
179,2007
1468,197
1251,1418
1933,3
1558,1682
191,2084
1971,883
1646,896
1268,764
1420,863
1045,1485
856,725
1253,1096
1954,2160
1512,879
2133,1352
1450,2366
2012,143
2373,1421
506,1537
1524,1936
1163,2178
664,1983
2385,175
666,2091
305,1484
2291,613
369,2271
1816,1266
1107,785
1799,1127
1106,294
1386,1584
236,246
977,576
530,773
462,1171
1196,2167
2340,908
1119,2128
2013,1615
440,492
1806,1653
798,401
1617,869
628,542
1988,372
283,389
1825,2196
598,1829
1360,1682
218,90
77,810
1975,589
2163,938
1945,1888
1738,186
2457,971
1252,1793
2482,719
1554,2122
129,503
768,1175
536,2116
447,516
1884,1562
920,848
2261,2425
2216,613
2413,281
357,401
0,707
493,1539
2163,1098
1823,11
525,2487
1258,1191
2149,1935
998,687
1031,432
995,39
291,677
2378,1520
61,2369
1120,2308
1844,2301
1276,50
2280,1263
1971,860
1518,1394
915,110
492,260
1677,2325
1582,249
1613,1837
787,72
653,1358
181,840
1743,995
355,449
2104,2468
344,2484
1833,504
1313,1789
1761,2297
555,2199
1210,194
304,1725
1018,204
1614,1870
1433,1496
482,631
2403,1174
1191,2254
767,167
62,1574
2368,770
0,2070
1442,485
1221,2005
1904,860
125,217
1619,1711
549,323
518,201
596,2501
1316,2274
2417,404
175,1098
2222,53
852,2306
2173,2201
2015,434
2153,1551
2437,2390
1495,1585
358,1129
1909,123
941,1746
1377,1375
1687,1258
2491,1962
2347,1994
1729,1651
72,1109
177,323
1486,1442
2049,337
737,1253
1698,432
1348,1149
942,542
1555,2257
2411,1281
580,24
949,319
1345,76
1629,1395
137,2072
2374,1907
833,7
1708,2061
2065,623
426,1357
1637,590
2360,1479
1060,2019
848,1555
688,577
1165,1132
1894,316
1356,333
800,1835
2095,184
1538,1098
429,157
1983,2436
1350,497
2186,937
1290,2197
2410,2164
1600,200
624,204
971,1318
1648,2345
457,1030
1107,1312
311,628
480,1433
1780,2386
771,1292
2026,1923
344,187
1446,406
4,339
1078,1793
2270,1711
811,1721
1885,298
2041,2430
1452,2151
2308,835
1873,276
1466,1655
1749,499
1911,1888
1633,1769
2116,855
1453,501
1585,1015
2109,180
1978,2481
1848,749
1065,1138
1543,519
2103,581
2114,121
1017,587
2000,2337
1893,2377
2249,432
287,2238
1964,1477
746,1525
934,519
908,1151
72,547
2286,1869
1846,1356
2001,1294
2348,1324
750,743
1359,169
533,588
2370,1946
978,1722
257,842
711,1081
1198,2172
831,473
1529,598
1564,168
98,2179
20,457
1055,1434
1065,721
541,585
2257,1268
1068,2277
2315,1659
2257,2140
557,476
574,1485
2132,1028
1472,1105
2215,292
1177,1620
1394,2352
814,289
1644,2469
513,1265
1159,529
427,2444
2234,1745
28,870
2423,216
428,908
2484,565
1996,2409
959,2161
1729,1314
915,2240
397,1655
207,2193
1758,2428
1093,1785
1967,71
588,304
1113,2381
2382,157
1772,1862
1772,1958
2459,1725
2367,843
1990,448
2308,140
1958,1237
142,1418
2458,2312
1159,1131
2291,177
451,587
829,1903
482,748
861,2096
1597,646
19,634
1177,2289
102,1717
2039,2328
351,1692
757,457
2245,1169
2069,621
1820,1180
1437,247
820,1126
2125,1345
689,1108
2446,392
1282,55
926,1621
329,969
2204,1512
2492,2237
2058,30
1409,1860
1525,1922
1553,973
179,2323
1308,1215
875,1482
1569,779
1663,1711
142,712
218,1337
504,266
492,656
2177,745
1106,305
1131,1010
196,1465
1835,1449
733,115
2307,1312
2390,87
1871,1751
388,1906
874,1474
1711,2294
1480,1101
1916,2160
1710,956
1919,198
2429,814
68,1689
441,1920
1040,427
688,1990
1160,255
2333,1353
296,147
1643,537
474,800
1251,128
1651,2304
2213,2356
2051,522
417,1066
1918,282
2468,958
2461,404
372,1421
485,1921
351,2357
1788,1898
467,1625
1261,1917
42,671
1332,222
970,826
1121,199
798,1837
53,1261
1904,2298
386,2325
597,385
870,826
2004,1029
1173,641
524,660
266,56
2139,2497
262,1531
146,139
1723,1936
900,985
427,1348
853,1185
581,352
2342,1284
472,1150
9,1338
299,330
2090,1177
2454,852
2347,1395
2293,763
1126,1409
1305,309
1258,1859
2417,1154
2422,851
1094,1255
1914,2192
210,1015
636,87
2044,2175
614,500
987,898
410,739
612,951
1777,653
2228,1649
1398,1884
961,4
1387,15
1369,1434
2434,1671
2247,143
295,2193
1753,2408
2062,1274
1389,1094
282,18
1643,1372
1970,1099
2285,71
696,1302
435,1478
1759,1462
671,2184
1733,1164
1220,207
1962,1884
362,811
970,2311
20,1227
240,2288
2103,500
862,2434
1509,2262
1615,1534
532,653
850,208
860,1730
2274,508
108,1632
504,1072
2332,2458
106,2227
1249,1883
1466,653
792,2494
2151,2501
687,2115
2458,2045
2434,146
2158,2210
515,560
813,799
1304,2236
1149,296
1630,224
761,2398
928,1069
89,2003
539,2309
369,294
1025,1795
1820,2382
433,799
1584,444
1625,1900
728,1957
1840,435
2086,1779
2348,1498
134,1145
1697,587
969,377
1275,839
2416,2250
2025,255
2231,2274
1817,2402
2140,671
1883,1011
1207,139
331,695
65,599
1388,1415
1400,2084
2347,809
479,329
1556,763
926,2215
2484,2501
270,63
1678,1436
2060,649
2119,573
9,117
1926,2163
1641,1063
771,1073
2416,691
1694,603
2298,1694
23,2401
627,2168
2103,554
1385,709
709,1633
437,2200
914,506
2037,69
1386,943
507,1143
2334,289
360,1857
1797,982
242,1723
1011,749
514,1931
673,616
2482,2287
1206,792
1508,220
112,2324
2193,454
1530,204
1573,380
2352,439
1519,539
2288,1917
2323,1341
1930,2334
1315,1828
619,556
221,168
2476,1978
131,841
579,2466
558,409
844,1939
2422,1051
1117,513
1326,1160
1771,800
2361,1700
1592,1942
775,2496
1210,1831
1687,1895
69,381
2442,676
2129,2308
1884,1548
1653,1778
2373,1665
292,1578
1901,362
1833,1894
1219,836
2011,675
42,1633
2397,1472
115,896
2020,1620
2197,1010
2336,2451
2126,1898
1308,1936
493,1012
927,2153
2145,542
90,471
1027,819
519,1671
2439,52
2342,2136
1592,701
303,1349
2,1787
1565,564
1366,1276
1087,363
1239,1742
732,368
1936,1775
1234,1203
2482,1397
198,677
1749,1266
88,422
68,250
1369,2310
2151,1942
1878,1153
492,96
481,2391
2238,2498
2081,1474
1927,499
1044,1497
1052,2383
1664,935
1962,719
259,1981
1308,85
485,1297
340,275
766,227
338,594
1186,195
489,432
222,1322
822,731
1772,204
96,2223
2412,1744
1431,1143
2371,1360
1734,121
1844,1261
79,15
2383,2082
1147,746
1466,2351
2205,1610
944,1891
231,2069
565,737
301,1900
2101,68
870,465
1376,681
2065,2501
1141,579
2047,1783
487,1566
398,848
1014,2303
1420,1865
209,1435
1302,653
759,558
1240,2439
2200,2031
1798,1677
756,1860
424,2106
2295,1222
1905,298
697,2306
1806,144
2027,1654
2060,2121
1641,761
1368,199
163,2439
774,1195
833,276
908,1965
1142,2062
1255,63
176,592
876,1869
1249,904
1164,791
1585,2113
2307,842
2354,705
635,1244
944,1105
405,1751
2184,486
1597,919
3,618
609,660
1225,21
908,2128
1729,2255
778,2358
2056,1646
1587,95
612,2033
1916,407
701,2087
1781,1602
1615,253
703,1245
673,1984
1427,1218
495,1602
1683,1716
1718,305
1533,681
1231,1821
2000,1960
2005,2245
1549,380
545,2205
799,386
2201,82
1661,566
947,289
729,496
1132,2363
914,374
988,365
2307,1444
2078,967
301,141
1815,1612
369,728
40,2458
410,2410
2490,1983
1100,1921
2207,588
235,1899
1277,325
2149,68
664,2501
1585,1675
2243,933
1081,917
1197,915
602,400
494,2403
2383,2407
253,1060
727,2169
281,2018
1033,1154
383,1098
387,2135
404,2500
2037,59
1219,159
2431,528
220,749
1818,2112
970,584
2398,1931
17,871
205,2452
629,2417
167,2488
978,1149
684,1496
1077,1296
0,1036
2276,1392
2319,91
971,592
480,1064
428,1984
1894,1809
42,323
1160,664
1871,410
1511,265
447,1238
1123,2263
314,1086
453,1503
2180,199
301,1043
1936,224
778,128
1790,2193
1272,421
338,1515
1778,2457
630,47
1001,616
2263,1846
883,1574
82,1689
2014,2018
205,1275
1043,370
534,232
422,2449
1644,271
587,824
267,600
0,836
689,1708
1576,73
2256,51
895,1712
2083,569
735,1726
929,655
1296,1173
1302,729
1670,973
1371,1690
2433,1396
1612,1989
1747,2139
494,2487
2197,1445
2128,1125
1990,913
192,859
1255,15
1185,2268
512,2501
943,1182
1925,488
764,2435
1736,1027
1079,694
425,1178
531,267
552,274
854,1878
64,1983
152,1197
380,841
714,1417
626,670
1009,491
0,1498
228,2410
1709,559
1697,2384
1603,1833
1838,2155
2065,1962
586,2476
2225,1054
2362,234
1033,547
381,1515
1735,2485
1424,1494
1385,113
2333,304
206,1172
2007,678
833,872
924,579
187,2371
2086,1033
151,1878
339,1549
988,857
332,2264
1069,1913
2151,470
1483,1790
1266,496
2383,2320
2309,584
1439,1692
2413,388
987,65
1296,465
183,448
2182,1227
1059,409
92,1963
1672,1340
705,1222
1844,2172
2205,454
1909,1650
1860,2234
816,1913
2161,2206
14,1196
2067,1472
725,929
1662,83
2463,1435
801,1817
1244,971
2222,999
311,1915
1623,2501
1927,1225
1126,880
1999,1628
1484,2487
352,2158
200,1932
61,684
137,1410
1871,704
486,1199
206,1058
2052,486
1060,1177
2486,889
2357,2295
1409,2501
1713,851
2412,192
921,645
1801,1921
600,1649
1925,1934
451,2103
647,1130
1164,1302
1423,844
2236,1357
526,995
329,63
2240,638
2100,1992
1473,2021
339,91
472,122
777,1139
1408,160
679,966
1470,406
840,2495
603,259
2457,1322
1724,2264
1422,1864
1124,1322
1251,1898
2382,1099
2452,1533
2080,1145
1323,1700
1906,2335
1278,1795
1344,2078
75,305
1010,1740
52,1462
77,284
869,31
1296,678
2308,1049
1073,1197
4,2495
2022,975
82,1282
618,141
1097,1205
1825,2
241,2244
1665,935
2289,1480
719,711
1955,1021
828,1184
1504,1930
2191,1193
1799,198
1189,436
291,1453
1894,2245
1387,2067
2180,1353
236,26
1736,2019
150,656
2067,1227
1492,2132
1040,1714
1348,2266
706,281
2095,1854
2276,1121
2489,1538
208,968
1821,1493
2011,1987
137,1583
2341,1373
956,1186
111,2176
1509,1191
874,234
0,438
209,809
1886,1257
294,700
2457,1855
1019,1051
292,909
533,440
1534,689
1221,187
608,2155
582,928
327,2385
2120,1782
1679,625
2441,1907
1532,1422
64,984
1821,948
131,2265
379,1209
283,1865
2449,1593
354,1446
666,1698
1493,1744
1762,1135
1805,799
884,826
780,1344
16,2495
435,2501
64,2175
1320,2320
1710,1756
2412,1106
1245,1641
1501,408
2055,1594
302,1048
1147,1559
1077,2468
823,839
1202,1216
1762,609
537,296
1594,752
342,1491
2238,872
1370,2200
1554,1189
610,1726
1768,111
747,1347
1348,1528
426,1101
1897,742
820,1482
3,1227
1798,1881
1836,1251
1313,2501
1253,1350
33,540
931,1627
1847,881
1497,2102
2376,124
351,1860
692,2453
1635,1065
1690,61
357,2234
1040,1107
2365,2128
2023,2346
1884,347
623,2243
1358,957
2498,95
853,106
1868,862
2385,1766
797,1094
534,1840
577,1668
1598,223
1042,1676
612,2374
1941,534
1253,426
1020,2093
333,1401
1726,1488
459,1086
47,1738
2050,1649
2488,1920
2308,1393
1740,596
1481,313
2423,1143
1764,2126
1950,582
803,2008
1359,1532
2346,832
903,1753
528,696
1604,756
431,2311
206,476
1324,930
1001,1756
809,1426
154,361
1971,637
1819,626
1956,1634
833,137
69,1507
699,1401
2014,1602
202,1223
2295,1135
721,2009
1630,1533
1978,622
2366,221
174,965
1342,203
2334,746
2021,223
1195,2417
1936,2157
61,1399
1787,320
493,1463
1253,1154
2152,1797
2075,758
910,462
1697,2289
2305,979
2011,1282
2021,867
2110,413
940,2480
773,25
124,118
2119,2049
1902,1773
652,2302
840,753
1188,1179
2185,315
468,970
111,305
1269,1218
951,325
2245,399
147,1962
1710,1566
1578,2226
1278,1425
721,1860
2342,910
467,2207
689,489
825,486
80,426
410,1647
296,1168
196,985
972,2501
2212,2359
2437,1913
2500,2226
938,1980
1532,964
1257,1883
0,445
1296,283
2204,553
1722,149
831,954
1613,1237
843,1857
744,601
1315,1565
527,2314
2136,829
2143,139
793,2490
0,521
1090,12
2066,212
1461,1522
252,789
1436,887
2401,759
2125,2226
840,356
555,1663
1753,2448
939,286
2472,2446
1888,2080
245,843
2067,1669
1226,1167
1340,2368
2402,1560
2323,2119
1038,1907
1686,316
940,1005
1238,1985
556,523
2396,605
1038,2210
1408,2113
2008,210
450,1425
1992,1224
434,1946
955,2018
1388,1673
854,1415
1617,1445
849,1829
1186,265
243,1400
775,206
518,231
1888,1440
712,1509
298,1113
2483,633
2377,1359
1997,620
2026,1247
1454,1029
2197,744
1689,1108
75,1181
803,1350
1789,1887
1598,1917
1767,2027
623,2171
1167,358
461,798
2023,1051
1492,1746
1760,2213
2390,2263
1754,292
1482,1512
2237,75
621,743
40,213
2101,1148
936,405
409,655
1918,1004
1708,2040
2358,42
2362,1612
489,1791
648,694
2104,1404
65,2349
832,116
1253,230
571,1791
481,801
2282,372
578,2118
1845,842
0,1314
2498,1081
1491,208
1766,65
624,707
911,1274
1942,1027
1279,1007
1547,2087
1463,448
47,257
1541,1173
1410,666
607,784
1135,1695
2136,324
1105,1964
2163,554
1737,883
1653,1839
1216,2400
1604,2071
1950,671
858,1012
2486,1258
1645,1863
2169,1501
621,604
1426,2449
330,2162
1368,2246
1818,1523
1929,2119
1431,591
0,281
0,2401
300,1713
44,282
1712,1875
497,1009
2289,906
446,2076
50,345
2196,211
918,621
332,2175
1757,2182
2093,340
1064,1837
1161,62
1959,2467
1552,1775
820,788
85,836
493,1472
548,864
1267,1960
25,2203
515,598
1955,914
61,2185
1793,364
70,1473
1350,2155
1322,833
1081,214
1423,1490
1572,2105
438,2196
1270,2129
158,1791
6,992
1913,1024
2159,783
704,1809
95,594
1017,2228
1378,1198
2085,640
1106,1909
156,1579
1192,1977
2172,2117
318,592
928,175
1509,2467
600,841
2196,1938
1733,149
1099,1239
2490,1500
2112,1494
2203,364
2471,475
1102,1573
2076,822
1580,2214
1552,2262
1908,2382
1018,1895
2039,1212
153,2461
2109,991
1956,2363
165,1143
13,41
1283,1163
684,2222
1156,1895
1341,1632
2141,638
1765,48
1530,679
1410,2219
1476,1891
2437,65
1939,2483
1407,891
1991,1060
574,1174
1468,241
1494,336
203,707
1216,86
560,1407
1025,486
2487,1365
571,2413
1310,718
736,2368
662,611
1949,1655
1551,1240
746,1769
941,90
363,1685
28,2113
1773,2332
642,2169
557,684
1054,1458
2080,1959
2112,791
1987,488
2473,350
2050,2287
2430,41
684,1869
2088,509
2360,1197
511,148
283,979
1528,936
1226,504
1145,437
2327,1990
247,1051
996,4
1880,322
0,1926
360,1139
1175,1089
692,1933
497,1770
953,2243
2121,308
2496,578
1540,182
1409,761
674,1607
146,87
1228,1896
2258,1352
1839,731
1839,1827
1727,1917
1794,1791
765,498
285,2192
1320,2353
1757,333
996,793
1369,28
2079,2018
42,363
925,291
1464,764
2111,2086
1863,2383
463,2162
1725,370
352,2094
265,2171
802,2170
2226,1402
2412,342
1782,145
712,723
572,1693
1759,2230
977,761
1537,2194
83,2322
1996,21
2394,1286
1212,1070
1357,27
153,369
1165,2481
7,688
255,656
980,2492
669,2232
1871,1421
2086,331
1762,1637
1020,2194
2425,1553
190,992
173,2450
0,2171
2450,1881
138,943
2219,1976
1704,1854
2261,580
462,1167
545,803
671,1245
1499,500
2059,1133
154,1558
1184,253
2449,474
651,1542
2003,162
2420,1053
1399,385
1473,1011
221,1871
1156,1204
2461,4
1255,486
66,2397
2236,1626
1926,1628
1607,918
2152,302
1475,2230
644,907
2402,80
369,2420
2226,1600
2367,1777
2247,478
1206,971
1582,327
1941,343
2431,668
235,1613
1893,676
270,291
1211,725
253,2014
2084,942
1228,1859
550,1995
1441,84
1537,2015
0,9
734,1998
1051,1748
746,842
1392,1423
2269,928
670,2408
662,303
751,853
1596,1106
1087,1949
583,139
225,1905
2124,1623
115,1195
1140,1770
1171,103
957,154
231,1816
1498,1014
1970,2257
1067,2067
2142,2235
759,2378
1853,1058
2483,628
2483,867
2485,1511
175,1955
439,1827
109,1958
1757,1325
273,2205
2437,2217
2063,610
11,701
2074,1769
1855,1033
2223,1966
2000,1176
1519,2105
2161,378
1203,1538
2119,11
1351,300
1286,1568
650,2497
2078,46
968,1578
2444,195
958,1787
1062,736
1989,388
2086,870
1086,1416
1628,1604
2154,1479
2146,260
1185,199
65,176
2228,1113
2463,1067
1879,931
2500,355
1489,346
268,1750
1694,106
1120,1551
1853,2277
680,1734
1683,1914
132,2094
10,412
1158,1687
474,1361
564,645
2427,2415
185,508
2103,1708
141,1832
1335,342
2263,860
905,402
255,1235
2112,1523
2006,1215
2384,820
1300,1913
1504,1362
2211,851
2095,1315
2422,701
487,693
1344,2280
1396,606
1146,947
916,1524
1288,1830
499,459
1237,1496
2402,1616
2389,1641
1420,1396
1188,1060
170,1854
1542,1843
284,78
900,322
0,1034
1927,534
1018,2501
1725,859
584,643
930,374
572,841
299,2358
916,1972
580,53
300,812
2311,566
1550,1789
31,1677
36,1777
1902,1524
1327,633
376,783
1444,840
1903,1727
1677,233
1750,1872
272,1810
266,1296
2023,1998
1989,40
1364,2139
1375,349
1973,2495
2256,813
1645,2035
1092,352
2077,1669
657,1045
1661,1160
476,1202
444,529
1133,908
2030,894
277,1217
1563,911
2188,125
77,1799
1322,248
731,1782
347,1320
1803,1458
1591,403
1319,1103
101,1143
1076,1342
2267,1714
921,668
1112,410
1755,2485
1320,532
1158,45
1958,1186
404,1970
2111,347
2320,1585
2460,1372
1215,1192
1245,1223
2105,2
1604,2171
1645,2472
980,895
817,2032
341,666
722,1957
1043,222
2387,834
347,1539
1274,933
117,795
1812,1382
1236,941
2290,1884
1038,841
799,1784
586,1572
1771,871
1081,143
2476,853
377,343
626,217
1041,1296
133,2016
2127,426
1601,1533
389,704
1297,1770
803,525
1978,1700
467,276
2213,504
1224,1863
1342,1432
985,398
1186,2109
701,1617
1986,618
809,1437
1213,1278
760,813
1859,1678
1267,248
2270,1516
79,2206
2385,1134
1074,2271
720,2328
2379,2026
1150,812
2298,1361
2205,2284
725,45
938,1014
2487,253
866,1615
2490,1468
2228,151
2178,1597
1050,1341
1780,1319
75,2442
1928,2016
1404,1139
320,1806
2362,528
582,2018
1265,2049
2237,749
606,367
1412,2425
1585,1832
1861,1450
652,1882
1655,485
2084,1451
1851,1390
1428,2340
1041,2428
324,263
653,2215
1322,392
121,724
1769,594
1799,1820
872,770
440,627
1463,992
708,1910
1785,1220
1404,2145
1842,1237
613,282
1645,259
1674,2390
1550,1965
1092,115
813,2040
2451,416
1253,538
1402,1405
1835,1253
2468,812
91,1496
324,2482
1504,122
2485,1358
2006,896
670,1621
437,2013
1420,2033
1946,1936
2086,2501
2286,1282
1973,1963
1989,2271
1051,195
288,1089
1462,382
1707,45
540,2501
763,1611
2115,807
2334,2015
1912,864
384,2404
1822,1870
1720,231
493,1798
597,7
0,1975
0,2019
772,89
681,139
2386,1256
557,1301
1857,1216
683,578
906,1019
2104,1639
1294,1126
1761,663
2189,895
1668,679
1399,1002
594,706
575,2416
2245,246
218,2455
1694,67
480,1953
0,229
1079,2237
1413,1946
1604,1651
1001,143
708,1165
2118,383
171,852
2338,888
640,2193
770,1047
1843,598
2205,711
1079,1580
2199,146
1353,2084
1319,2003
1047,252
928,1072
906,1391
1807,680
1139,170
2283,365
2214,1773
268,1766
772,160
2253,1141
1693,909
962,807
1972,2189
614,2501
153,1576
2218,2440
2161,1188
277,645
857,1116
1624,1678
1120,1710
1394,1140
85,1578
1264,576
1179,1789
983,1226
1018,131
512,2123
1768,2249
1766,1287
608,1590
856,1589
1552,2191
713,2359
1923,2401
2003,1530
1085,446
2001,227
1158,212
1712,283
1864,858
0,389
2424,2014
1719,1149
888,1254
2222,743
2394,1956
2138,1364
1512,642
1429,2110
1650,544
1714,1413
0,1584
1562,1967
1164,654
1466,1144
292,1879
2163,1037
1609,1192
1994,2047
647,1317
1327,1138
1698,1736
568,18
1864,1045
1212,558
1207,891
1062,375
1703,2465
1001,1828
2070,697
712,1901
423,1970
2477,1569
1682,1487
68,240
1907,902
902,1042
1667,1783
601,1725
1655,810
1307,1485
1189,1643
1804,2153
2441,2306
625,1694
1362,1159
2161,2042
1123,2250
2287,46
392,2171
1018,1934
1803,2112
1300,563
1795,618
1613,1318
104,2462
2032,812
1940,2378
1058,1881
1473,528
1568,885
1804,2501
1785,1329
1064,2294
79,2068
2063,1112
1917,1621
925,1742
793,1652
2048,254
1158,1050
2105,588
1473,2501
866,803
721,2037
1475,28
2286,2145
1141,1119
575,95
650,1834
2122,1798
323,1277
1544,1624
197,1403
892,1132
2382,2192
497,1953
43,921
399,2467
1925,1379
612,523
713,887
268,841
1372,815
1786,2446
2413,1916
294,686
69,1182
393,2038
1728,2414
1741,1949
117,2349
155,1954
2434,1200
2462,1532
715,2028
1846,2105
634,2501
583,1882
714,1178
1881,554
2462,2030
1201,2333
1874,1899
866,109
2331,1786
791,371
1977,1492
1488,955
172,1539
569,908
353,100
184,888
1307,2414
506,106
2259,1486
1387,669
659,1273
1380,1585
926,2441
1269,2501
533,1556
1962,1742
1656,292
1158,1377
603,1060
0,1376
910,2177
2095,686
2141,318
720,1546
278,1997
450,360
1574,1176
1157,1475
186,1813
823,1012
1340,2099
1528,1443
395,27
1242,1715
1783,782
2145,1790
1243,1462
741,74
1402,2183
1672,2398
2012,1908
84,2295
1399,2352
1798,2264
1223,1127
1248,2028
1932,1039
158,375
2006,1292
2153,90
2025,936
1642,639
2252,1475
2484,1564
2476,1763
1388,864
1748,211
302,2158
424,1276
1376,1725
1299,221
807,39
827,2300
2341,1535
2062,757
623,375
1503,399
1360,1350
1791,2501
2483,2161
152,2144
2452,2455
910,1290
559,1005
879,903
1912,1179
1287,136
2497,1727
216,391
25,2197
1377,2126
1340,694
1527,516
1608,477
1827,1072
653,407
795,1922
1109,499
2333,1854
1302,585
0,163
2046,1888
781,290
450,1767
1995,2013
1848,1528
104,1768
2019,2348
297,2329
723,2306
825,1281
1529,2501
875,2210
503,501
1075,2236
914,1586
1587,1224
2412,1057
2004,1217
701,1918
921,1312
1764,1349
639,712
1506,1717
618,2307
670,1546
694,2310
1895,308
1549,410
665,1653
1064,2287
863,357
2045,1203
2283,539
1360,744
2078,2143
583,949
2408,1191
1134,2043
447,639
1001,2070
1058,26
45,1817
2022,572
2231,326
1891,22
1168,1588
1409,596
319,1626
86,746
595,2110
1932,1909
1963,1473
2127,130
80,875
1011,1836
1148,1631
621,502
1996,2117
1609,2382
2080,1393
1824,1512
1490,2097
2396,1631
2081,1220
1747,1939
1327,1798
120,1224
472,1600
600,937
2043,97
2356,141
0,1474
1984,729
378,960
1387,2202
1106,414
1878,1304
16,454
2450,2374
905,2006
2433,434
1502,970
133,1062
2351,730
155,690
2400,2175
1234,1815
2202,1369
1685,2198
1207,842
2096,2369
1844,1551
335,657
1102,2213
2130,1036
589,2289
944,1326
271,1073
1050,1975
1708,180
1900,374
350,677
2419,2213
560,504
2292,60
562,1810
285,474
1888,849
879,924
945,1405
576,484
862,284
400,587
1027,1925
1905,1125
732,2409
374,379
1834,1653
588,1469
222,3
1205,1747
2131,191
530,1067
2413,775
1849,1173
588,1428
1981,560
1935,1949
1752,204
1292,1002
682,1973
328,2284
2108,1538
1648,1695
1328,2275
711,2135
2204,2322
2158,7
971,1569
1519,1578
1376,54
1083,956
2237,1183
678,1865
296,192
220,1526
986,1821
654,125
1575,2240
1198,617
573,2201
1964,673
272,111
2218,1765
1419,317
1406,48
1206,1316
2454,635
149,1524
854,1456
991,34
2443,1525
389,1886
1410,1298
502,67
1005,628
2346,441
780,1643
34,2482
933,772
2347,2451
551,572
2048,345
2310,1144
2395,1590
1353,1504
109,1232
1911,2312
200,2121
2468,1179
1057,371
612,370
2305,239
2032,1295
395,537
1328,1073
1555,1766
790,48
1927,282
1176,2410
1560,986
1076,1276
997,2128
559,1265
1634,220
2472,2263
560,323
672,523
1262,2481
1024,432
2460,1527
1782,389
667,2200
289,683
1225,2152
1640,2250
516,1136
2268,2296
1546,2170
1087,1239
1497,90
1054,1582
1308,1811
2441,2403
800,2068
1384,455
427,1307
1828,1856
1851,1470
1004,2163
1853,541
1174,2081
1988,1318
1989,1124
1489,2347
1108,94
1391,2239
752,1573
336,1867
2371,2501
444,178
1574,579
653,2124
1560,71
1355,344
1652,1404
2365,785
767,1764
882,1127
673,150
487,74
2047,72
1584,2410
76,1898
2297,1727
1335,2318
1545,182
1296,2046
2228,764
3,2423
1356,769
2265,289
2386,1930
677,1827
43,875
1202,850
1876,393
1721,1248
789,2376
271,1875
1369,1430
762,2146
797,747
1269,2018
1180,2383
2316,180
50,2491
1268,1609
1174,1702
1446,1185
1324,699
73,286
1850,879
1605,750
1474,269
1542,85
24,124
1440,1481
1086,1660
1450,1715
1520,2390
569,25
813,1497
1990,265
247,118
277,2318
1867,102
1931,1144
991,2159
952,869
960,1901
1007,2177
21,2432
1369,463
420,1647
699,921
237,1243
450,2124
373,2121
992,693
2372,462
1861,1577
384,1267
1983,175
1023,2406
343,1603
1063,278
2311,477
1054,1996
2234,708
1827,1529
1944,1199
2208,1233
1808,738
101,898
779,311
757,1472
2427,2403
2159,445
1894,489
418,1734
183,2298
1920,157
233,379
709,70
2252,2218
1699,339
919,110
1062,1536
2214,1272
1348,1199
1533,659
513,574
2007,1813
1860,115
972,487
2389,2210
1725,524
2328,338
92,588
104,1115
2415,441
1113,2174
2406,1778
2221,1359
704,1308
1373,1171
1029,1555
662,1706
371,651
544,168
1702,1529
1282,1497
32,498
135,2491
1677,854
1310,1397
2163,472
88,2188
560,1025
1371,1634
546,616
1507,550
1686,2246
1636,1361
31,1921
2147,635
766,1620
1402,953
2487,973
565,2228
1295,2353
1387,581
1583,2019
1004,1353
1416,241
626,1137
124,2124
2371,2373
2438,1510
2115,1034
1340,2468
830,2028
1762,1197
253,2126
1112,1814
578,2015
1913,1844
450,1914
279,1037
639,1401
1127,1481
2193,2174
730,1381
1521,1747
1535,2439
2473,1947
1138,2374
113,359
2451,870
1177,1146
2077,1184
1302,640
935,1861
468,1099
1391,2144
1705,566
457,957
1800,1865
586,1138
91,2263
840,446
326,1653
1652,926
687,1961
1041,2407
1032,1070
403,334
1830,1278
1790,2042
308,1921
812,840
1164,817
1931,1489
1104,1711
1312,1840
2115,2027
2078,1398
1837,543
947,1693
1255,524
1193,1567
1492,747
44,256
1820,1705
1785,817
1271,1129
59,986
1897,610
2378,1580
1502,1790
2277,1911
1036,1541
1039,1458
919,69
1647,83
584,1162
1253,1488
891,2491
135,2460
1079,2317
617,1141
1586,2501
1463,2028
426,1004
1463,160
1295,1067
2393,1217
904,260
597,2365
2103,908
376,2416
2312,1822
2387,68
1120,1109
741,1202
1503,953
2197,714
1428,104
718,537
1364,1643
147,2180
1591,1993
683,376
1147,106
1327,1936
1113,2395
889,1779
1849,2219
702,228
1299,2171
507,706
186,412
2392,415
2408,254
1250,1722
1194,849
175,278
1941,1901
227,1156
719,1544
254,1274
42,2359
924,1036
2398,2389
1561,636
572,340
1329,1546
982,240
356,1786
444,2388
801,2126
525,2501
199,2501
2230,1399
532,735
1970,576
775,2017
1310,1545
699,475
1429,503
1442,2252
1794,1534
1452,93
1597,165
1728,469
132,373
1872,504
1256,216
2220,1223
1161,1597
2060,2155
2301,147
1742,1059
1160,2492
1589,1992
801,478
2225,917
683,2193
1446,620
839,2438
387,278
283,1687
379,100
1611,313
1278,521
2251,2105
1967,56
2427,577
1036,816
2121,1143
34,1856
146,871
232,1520
1593,1800
2093,988
931,877
144,225
2314,1406
1887,42
2393,125
902,2011
1147,1792
1571,1649
1639,528
615,219
1528,210
2358,407
386,722
1129,1403
2495,1071
2331,557
2031,958
2499,1203
105,1306
1004,1563
979,1906
1298,960
1112,1016
1840,866
1336,2077
963,1934
2305,1196
1559,741
888,2055
2181,2114
2350,911
2408,2087
1322,2152
1426,386
1524,1106
1172,1038
725,365
393,2494
381,1799
588,553
1097,787
224,2482
504,2415
2033,2005
175,1142
1500,488
990,131
919,1369
550,1393
1779,397
1657,403
1469,1051
1942,838
2448,11
122,2436
1916,1131
0,740
1390,1419
1110,436
298,2135
1467,1516
273,1025
2182,106
1976,57
151,190
90,274
1935,1098
603,1623
1575,2301
689,1543
2083,1883
271,1508
482,953
1215,306
702,1600
2006,406
1393,779
1048,1523
2174,445
2051,799
813,1212
2261,427
2310,2332
1973,1567
528,646
179,2382
1611,253
538,2279
262,2065
1147,1893
1466,2010
1189,2501
340,198
1026,2050
95,939
581,697
1825,1788
1538,619
75,563
2195,623
881,324
960,806
2006,81
1309,2029
652,1922
2323,1006
2372,957
2204,1496
481,2113
336,2093
814,1869
962,149
1027,453
2174,436
2339,1723
1850,950
1225,2474
274,2370
1978,1869
1407,164
1193,1098
1247,198
550,48
1415,879
1037,1989
1712,276
1495,120
1040,1535
1729,2501
447,2258
1127,2051
1740,2066
258,1827
1480,869
1522,1445
73,2306
21,2247
1342,2153
104,1083
808,1155
383,619
2157,1197
2054,12
869,872
917,1914
368,2064
144,649
2084,1084
2174,2114
1811,1188
2074,2501
1033,1950
124,1876
10,1823
1064,1366
1080,2299
893,29
2460,1646
163,1034
2236,2300
695,1710
2009,1096
1190,977
1163,1698
2215,595
718,635
681,1705
374,348
226,1464
2343,1094
730,129
942,1472
875,2028
1341,2173
513,1810
257,35
2202,2482
779,118
421,2277
2199,55
199,1680
1136,2158
1704,1421
2122,278
1180,111
2465,2242
1363,1758
701,936
1381,453
1767,1381
754,2402
79,391
1162,126
2436,875
1666,2288
486,1971
48,309
2166,1375
222,2011
1949,1946
1627,968
1968,1131
434,1345
849,2308
2137,2316
895,2252
0,1324
438,881
1141,1035
1174,471
1377,2362
2469,222
2225,2204
707,949
326,1108
139,876
2059,1759
2240,947
510,674
1026,1444
893,410
1091,738
1275,913
1070,966
1951,1319
532,728
790,1721
0,1038
951,538
1088,423
0,402
0,1479
257,1766
275,896
620,1179
2446,966
2057,565
551,2080
690,984
917,861
865,1492
2373,1535
1287,2420
2158,1575
479,2185
751,1066
776,1052
179,1449
1568,89
2211,767
111,1229
1450,918
597,45
416,2257
187,1295
460,2168
1628,2039
1824,519
1150,2501
2305,269
459,24
873,1119
498,800
1928,1116
1722,127
1507,1484
91,1687
1621,1120
361,711
304,1486
642,1870
2051,2314
577,509
1789,1755
2290,1656
1800,1559
2071,662
2459,776
2276,220
996,766
1920,684
1315,1597
1032,1835
1402,2064
2332,2359
1626,2238
2174,1385
666,616
955,2346
1501,1202
1712,2273
1027,1919
2448,675
2294,1120
1894,103
1655,1734
998,2010
716,2001
1933,1996
261,575
407,1908
1815,1460
378,830
331,335
2029,1605
1242,1998
2278,781
142,1500
1071,1134
920,246
404,1544
2045,284
392,335
794,782
2205,1814
50,1557
2084,257
667,207
119,442
2168,2329
1541,2121
2350,2501
137,1948
200,2243
2115,430
2006,791
1457,734
77,2304
407,2189
1498,2032
774,1939
2281,182
1474,800
1814,887
842,388
322,1824
1245,1145
1775,1953
1699,2184
933,637
2200,2462
2161,1033
2194,1922
2432,2212
1455,1617
2068,1716
2105,1223
2486,32
713,1959
1384,2392
1174,2138
1177,1776
1410,446
1651,852
2413,384
723,779
163,861
1478,74
207,955
260,840
1373,2342
852,682
1079,1391
672,119
291,673
851,790
681,1642
1902,460
1888,184
1993,2281
105,197
520,1617
1972,2042
827,755
2283,1175
2331,1759
1816,529
404,402
1991,2410
262,1673
1162,960
2171,1079
661,1580
263,2313
1293,563
176,1861
266,319
856,1889
1636,208
615,2234
176,1949
2214,324
948,1376
2324,1852
1283,1723
190,1724
1203,894
1156,578
765,2270
1309,2501
1922,1368
1728,1241
2377,2333
2463,1198
949,2035
720,1405
1110,1448
47,2430
2480,1435
897,206
319,1065
2094,2115
454,1529
1644,2296
2088,1576
882,266
2398,488
283,1435
483,696
1323,612
564,2332
210,1354
1942,296
827,486
882,2477
33,235
1658,1440
1299,6
1473,2404
710,1209
2274,644
1701,1395
597,797
450,271
780,1758
2023,287
455,791
1892,1686
648,1860
45,1315
2455,2000
1301,275
1388,1828
1725,853
626,1909
855,1134
313,1279
1212,1922
588,2432
1938,812
334,1756
1811,505
1685,1751
1074,97
2287,2183
476,523
2344,1533
1764,1499
1379,1122
117,326
892,2313
2420,547
1638,2064
210,180
340,1111
308,135
938,681
461,1492
1182,2237
1426,745
2357,67
877,1136
2124,1317
42,2280
924,712
1588,52
322,268
940,1407
1309,1255
1198,782
463,1789
1216,2501
184,284
673,1369
