0,1292,1623,2501
0,1314,1368,199,2501
0,1975,589,1804,2501
0,2071,662,344,2484,2501
0,2136,2240,947,525,2501
0,707,949,319,1626,2501
0,438,1193,1098,526,2501
0,1926,2163,472,1150,2501
0,1474,2269,928,1069,2501
0,376,1764,843,1857,1216,2501
0,1034,1186,2109,991,2159,2222,53,1221,187,2371,2501
0,2312,1822,1388,1828,1856,2501
0,163,861,1488,1614,1870,2049,337,2501
0,1633,1769,548,789,634,2501
0,1036,1541,1465,1202,850,2501
0,2171,501,1105,1964,1477,2501
0,9,117,795,498,972,2501
0,1584,2219,1976,57,1529,2501
0,1376,54,2262,1422,2151,2501
0,2401,759,558,409,1093,1697,587,824,1219,159,1740,596,2501
0,1584,444,529,1355,344,2484,1564,1189,2501
0,20,457,1092,2327,1990,2074,2501
0,565,737,184,877,1753,2448,2501
0,1708,2040,754,2449,474,1361,2501
0,1498,1014,1420,863,357,440,492,607,1968,261,575,2416,2481,721,857,1116,546,1354,1528,210,180,1347,1336,2077,1669,2501
0,1474,800,1835,1253,426,1004,2163,938,1014,1420,2221,1833,504,266,319,1065,1138,2374,2501
0,1498,1014,1420,1326,1160,664,2501
0,1033,1971,883,1574,1176,1768,820,1126,2501
0,389,704,1308,1811,505,614,2501
0,1324,699,921,1312,1840,435,2501
0,50,345,1991,2410,2164,1691,1596,1106,294,854,1456,153,369,1600,200,2121,2146,260,2315,2086,2501
0,402,1628,1604,1651,2304,3,2423,1996,716,2001,1294,1126,880,262,2065,2501
0,1493,1744,1994,597,45,1817,2402,1338,2055,1594,752,2384,820,1126,1409,2501
0,5,1268,1609,2382,1099,1239,581,2039,1212,1070,1794,1791,2501
0,1145,437,2013,1615,253,1060,1177,2289,1480,1101,2095,1315,1828,1785,817,2032,1295,1067,2067,1472,1105,2299,1941,343,1603,84,693,1820,1180,2383,2082,2004,1029,825,1895,308,135,2491,683,2193,454,1847,881,324,2482,1397,1076,1342,2118,2390,2263,1846,427,1269,2501
0,1975,589,2289,906,778,2358,407,2189,895,1712,2273,2486,32,498,972,487,88,422,2449,1593,951,538,1983,175,1955,914,1586,2501
0,368,2064,2080,1959,522,1484,6,1660,732,2409,1415,879,924,2033,2005,2245,1169,949,1531,935,1861,1450,2366,564,645,92,1963,1473,2501
0,565,2228,1113,2174,1385,709,427,1269,1674,451,2103,2501
0,1033,1950,582,1546,2170,1199,97,427,1269,1674,451,2103,2501