0,5245,3349,7501
0,4815,3447,7501
0,4979,3210,233,7501
0,7080,7057,6671,7501
0,1542,209,3716,6230,7501
0,55,3771,3399,1773,7501
0,2675,175,3163,1945,7501
0,2108,1547,3267,750,7501
0,683,1135,574,585,7501
0,7253,2830,6280,1997,2267,5909,3954,224,7238,6941,3128,6736,7501
0,6665,1806,5073,2442,7501
0,7080,7057,4620,486,7501
0,1542,2279,6842,1886,3831,7501
0,5187,4824,4057,3779,2628,7501
0,6895,4963,3762,7234,307,7501
0,3308,6115,4757,6556,1665,7501
0,113,3681,3794,951,1904,7501
0,4131,2303,1016,2349,7261,7501
0,2483,69,6768,4051,1560,7501
0,6299,1761,5556,5189,7474,7501
0,7003,4002,753,1310,4861,6937,985,3922,7501
0,590,5838,2789,4591,6476,7216,7501
0,674,3012,2124,2189,5005,4211,7501
0,4618,6057,3395,3110,1338,4414,7501
0,1082,4425,6249,388,6306,3505,7501
0,3289,6901,1413,1593,6168,7395,1811,5923,5903,5071,1767,6010,2047,5956,2397,6734,5543,180,5061,7501
0,6531,6193,1947,6487,6268,7496,6374,2433,2754,5528,7501
0,2427,6461,1089,4707,2810,5945,7501
0,7003,1525,6060,6019,6266,4184,5874,100,1629,4286,3242,7501
0,1264,3017,7160,5593,3787,7490,7501
0,95,1079,6384,4433,899,6713,7501
0,1948,7317,4506,15,6749,2952,7501
0,4870,187,7147,3239,4386,4047,4494,5175,2245,1211,402,3441,3155,7501
0,6102,1462,6032,2531,3291,1291,7501
0,2969,1039,4827,7325,2175,2026,7501
0,6566,948,3319,4669,6761,6762,7501
0,1222,4585,2075,1669,30,5974,7501
0,2653,1796,357,5306,2262,3381,7441,39,3284,959,4149,7069,4066,2511,3529,3574,5680,1472,2254,58,6556,5483,7494,2097,255,3935,5287,4039,2771,5369,7501
0,70,5728,4718,3446,909,1624,7501
0,351,5583,308,2764,6207,6948,1839,987,7129,2461,3165,4207,5189,5030,6381,7501
0,1927,768,955,1441,1827,4041,7501
0,5741,1524,390,249,4178,6932,7501
0,737,309,7367,5086,4572,3059,3166,7501
0,836,634,2937,5640,7383,6663,4544,871,6218,5086,6799,7296,5866,7501
0,1131,7161,2475,1707,2571,423,1878,2931,2728,3276,3539,5126,7501
0,2526,5855,20,6987,1071,4466,4996,5334,787,4439,7501
0,2483,4,4293,4676,3212,166,5579,1654,6042,830,282,6607,2581,2865,725,6158,4946,703,4863,6334,1453,1336,4461,7100,2974,5199,7501
0,683,5608,5648,3570,1592,5076,2208,3931,7501
0,2833,6262,3782,3792,2193,5514,2759,7501
0,5113,3436,2539,6308,5229,5311,6688,7501
0,2427,1612,1760,7429,7319,3639,1411,5922,7358,3320,4272,2206,1928,4952,1817,835,5784,4385,6280,2439,2220,6795,3143,7296,2248,2633,4320,4732,1246,1402,3068,6954,4702,5871,1005,2441,37,6671,2596,6344,4283,6819,5628,812,7501
0,592,6980,4590,7084,3724,6586,3318,7501
0,5500,3065,6528,6649,2269,5814,5180,7207,2378,1995,1961,5424,3491,1923,5341,3175,3072,2664,3194,6535,4730,306,7501
0,7410,7440,2338,6328,2310,1461,3571,1614,5070,7501
0,1238,4282,7186,2226,4290,5195,30,1703,5925,7501
0,2969,4149,1351,4224,7306,3822,744,539,4803,3766,3943,3570,4132,6908,1674,5905,7000,1667,1993,6176,1959,1920,7501
0,7410,5001,1,2280,386,2543,5949,7464,5286,6152,5933,4835,4932,4008,5762,1313,1763,6880,3400,1512,5299,361,3629,2426,6590,2211,5019,4162,537,3249,4297,6642,4954,2375,2973,5541,4223,7501
0,752,1601,2898,3374,1050,6342,4210,5464,4647,3128,4110,1735,6953,2548,2980,6983,4866,5296,1548,7501
0,3558,6433,5782,7409,1685,6322,3930,454,5877,434,3525,7174,5964,3220,80,6327,6605,5397,7237,3293,5988,6139,5595,3566,725,459,4362,761,4769,7053,5942,2490,5785,6857,5184,7501
0,7003,1525,234,2210,4526,5839,2812,3523,6523,3967,3524,2532,4579,3917,2715,1376,3675,707,7501
0,2906,1407,2114,6269,6302,3806,2173,5401,3459,5041,7334,6528,4357,5492,6542,4614,2524,3895,4799,7501
0,2833,1321,1716,6258,837,3473,671,5372,135,1684,411,7194,1261,2603,7141,2979,2795,2960,409,7030,5189,5030,947,6032,5633,6067,5628,4788,1532,7501
0,679,2768,3556,273,7092,7485,834,5655,7420,3243,2479,7501
0,5553,7498,202,806,3738,5062,3111,956,3588,3860,7501
0,113,4387,4097,2760,6376,7115,4909,1356,3868,4113,7124,7501
0,6531,6156,5261,5232,4740,5452,3089,3603,3087,652,5990,763,2659,34,2244,2656,5881,7398,5387,3840,6509,1813,5466,4946,3134,4643,1282,2296,5063,4560,6279,7501
0,4793,5496,2727,141,2141,4804,4949,4546,5879,2691,7179,4972,6746,7501
0,6531,5539,5982,2841,3488,4091,2390,1566,5068,4165,4571,862,2572,6410,3066,4173,7501
0,6192,1146,3311,2217,1503,1545,3530,2839,3798,3813,712,7501
0,669,1317,3554,924,4586,1865,303,3609,4243,6603,1544,6707,801,5943,2862,668,3255,1383,3928,5413,5330,7501
0,1678,7271,5463,2480,678,2490,2060,3660,1203,6596,4461,2709,5154,2559,6443,3728,4869,3148,6372,6184,7079,7501
0,7003,4250,7460,2703,2915,6817,916,2520,108,6998,1957,5844,3644,7501
0,1131,6237,610,220,4933,3829,5477,4853,3278,6729,3253,1225,6765,1243,936,374,233,1577,7020,1946,3488,5017,1887,3162,4384,2984,5569,359,7137,5356,7357,1994,5582,3149,7177,6796,543,4125,4380,660,6990,3306,1695,3905,4333,5839,1957,5844,667,7501
0,4260,4939,542,4785,3790,1331,62,702,442,7501
0,6102,983,4745,3215,4789,6769,4641,6297,2942,3744,2055,1748,317,3334,5309,3915,4276,6451,3355,7085,6014,5552,4856,2018,6753,2582,5604,4919,7269,5615,1901,2988,2959,892,3548,7212,3946,6134,4122,178,772,5355,5626,7251,2913,6563,2050,1823,3109,3309,1659,7501
0,5113,5060,1245,242,2017,1582,6341,6563,2050,5344,3463,4087,1951,5099,6902,7324,3615,5955,1300,5351,4015,6363,4501,3858,297,609,2670,4443,6409,1022,3075,3267,1963,3457,5747,4450,2536,2510,1257,2185,1421,4963,3762,7234,6138,7238,1374,3669,2485,431,2625,3854,722,1008,45,7473,7501
0,6531,5539,6516,793,1030,105,3127,4282,4670,1634,1121,1420,1909,489,429,7417,54,2053,986,3626,6355,4512,427,7204,1657,5444,4048,6009,2830,6280,2439,5162,3286,764,3259,122,6055,2251,2621,5133,5070,6557,2550,2694,108,4035,4108,7501
0,683,5608,3139,1930,5650,5516,6003,5441,1006,1482,579,721,143,1148,6499,6413,3932,3179,2488,3965,150,2154,1565,4829,874,2160,4569,6286,3004,6626,2472,6136,3837,449,7501