0,3129,6919,19801
0,6210,5529,19801
0,16414,15836,19801
0,3817,9669,19801
0,15037,10173,19801
0,7572,7800,19801
0,11890,15226,10594,19801
0,19672,19800,18558,19801
0,12412,15404,17171,19801
0,2873,5880,11933,19801
0,16271,3560,8337,19801
0,18618,9982,18707,19801
0,11239,5558,12727,19801
0,12433,7226,15991,19801
0,2206,16313,14159,10233,5030,2932,2305,19801
0,16396,7170,16886,19801
0,699,8344,4929,19801
0,9682,18552,279,12809,19801
0,15103,12372,16084,12101,12547,7460,14171,11046,19801
0,963,16231,3197,15720,19801
0,18037,1777,10843,14130,19801
0,15548,14285,16838,1865,19801
0,15565,14711,9042,14790,15073,10629,10713,19801
0,16689,5041,5162,3103,19801
0,8396,6822,15344,17397,19801
0,11566,6222,6353,9580,19801
0,12862,14800,2845,4489,1724,13325,19038,16690,16201,5590,18549,2539,13856,9678,19197,17097,486,19801
0,3651,12653,13622,4995,19801
0,14601,11138,8217,3991,19801
0,19244,13331,12030,12929,19801
0,10516,9492,44,18024,19801
0,18431,11556,14774,18436,12055,5434,9296,9832,16241,16003,19801
0,11154,6962,2404,19308,19801
0,7572,2475,7383,5309,19801
0,9682,203,18149,19646,10960,19801
0,15394,2488,14409,19690,8043,13450,5072,7194,56,7852,16061,8295,7118,11795,19801
0,14213,10466,2155,6058,5697,5181,17222,10574,14709,16225,15872,19801
0,19276,12868,1641,19263,57,19801
0,13393,466,1988,19010,1964,19801
0,3742,17349,15840,16608,8351,19801
0,2540,11709,15715,19450,802,19801
0,13560,14685,15189,9079,15403,5386,5042,2468,7724,2488,9345,17603,12756,19801
0,8857,8747,8255,6727,9306,19801
0,3944,12570,2859,11851,18593,19801
0,5545,15138,5186,7019,6635,15851,1034,7186,15278,19801
0,6954,7790,8202,13036,2126,19801
0,11472,845,1899,9090,18286,13817,7790,9314,18896,15674,19801
0,4430,247,4047,10376,4478,19801
0,18900,17090,11133,14074,432,19801
0,18900,11783,16565,5364,5223,19801
0,14443,594,18871,17746,7650,19801
0,12095,6335,8655,13034,18157,1030,5104,4252,14118,9090,5724,19801
0,18183,8897,8430,15583,7469,19801
0,18272,12403,16839,2913,6917,19801
0,12253,7604,11188,5299,5937,19801
0,8730,19675,6889,939,4600,19801
0,9921,19762,14343,14549,5837,19801
0,18930,12338,5818,5506,2901,19801
0,18879,15490,12683,3656,12359,19801
0,17890,4819,12446,11959,15687,4035,8777,14790,7490,19801
0,17035,6712,4679,2268,4737,19801
0,15114,10968,14128,16097,14989,19801
0,16887,16647,14302,18369,15308,19801
0,13560,3644,9591,13563,17561,19801
0,3317,733,5549,4935,1618,11714,12426,19801
0,18272,7747,6159,6593,4213,7460,8208,12158,4564,3264,19801
0,963,12052,4482,14939,17729,2490,19801
0,11977,13370,16678,18738,2735,4467,17590,19032,10474,6868,19801
0,4043,4505,19535,2367,4590,19727,19801
0,15627,18685,14911,17063,8771,16038,19801
0,17359,7656,2783,13351,6922,1190,19801
0,16006,10205,5468,2361,14400,12795,19801
0,12189,18150,571,18803,8429,8433,4813,19589,8577,12525,7583,19801
0,16815,14307,8349,4860,7784,591,19801
0,5353,14077,7768,1498,15026,5901,14189,13105,4324,4029,12109,19801
0,3966,18012,8690,836,8113,3126,19801
0,5944,2002,8479,13484,17066,9512,19801
0,17849,10656,3169,2772,6430,13875,19801
0,9198,1226,8901,15871,15421,7968,19801
0,10018,13223,18827,17079,1323,119,3603,15313,238,9205,19801
0,17177,4483,5473,17014,18850,15255,5693,16572,18949,19801
0,17890,16628,13763,16170,14485,8717,19801
0,4570,14521,12141,7609,9823,5116,1675,14651,9881,6404,19801
0,18272,12403,9147,11388,7172,18357,19801
0,2977,4802,8621,19796,2344,17204,19801
0,668,16450,12518,17447,16113,6053,5903,8230,13563,13253,1911,6262,8153,14776,17546,15244,6256,15760,19801
0,18096,6424,2619,15426,485,4529,19801
0,3401,12474,795,12916,2055,9972,3269,3867,14145,11924,9413,19733,13435,9148,2781,19801
0,6379,16149,2531,16482,15615,19048,6811,16930,9290,9266,3075,19801
0,14351,13087,12134,7066,2995,5903,10936,14423,6529,19801
0,5545,9465,1815,2486,18798,11815,19801
0,1962,18307,4640,4768,12588,6943,19801
0,15621,9311,13247,12931,18891,5205,19801
0,7753,5057,2521,1715,11987,13296,14044,8344,12139,13755,4553,15445,19801
0,13560,18748,866,8641,54,4233,18548,2810,19137,6102,7314,2157,19801
0,17890,19105,15708,10820,10953,4575,19190,19801
0,2046,2383,1035,1479,7965,4972,11527,19801
0,15238,14463,16277,14087,8492,5633,8807,19801
0,3129,9220,5726,13449,10213,8443,12020,19801
0,18900,11783,7799,10665,9459,19683,19198,18848,11229,2751,15995,19801
0,2806,2522,13365,14925,2435,14490,13303,19801
0,3017,5690,13295,1977,18653,10272,16851,13246,9245,2670,1250,19801
0,8293,14992,18542,15540,12102,17145,17435,12372,11520,7961,9331,10738,17825,19801
0,9911,15363,14098,1168,9406,7297,11302,19801
0,10018,13223,7775,13115,13636,17728,2142,7850,5853,4851,14537,2168,4715,1656,19801
0,9537,19651,420,16359,1677,2017,3013,19801
0,19071,1122,14252,17020,5587,18015,19315,2218,10440,18320,16300,3426,7882,17011,18083,2887,11099,6737,172,12548,14653,3192,6169,9480,7856,6342,8911,2838,19801
0,642,12761,13675,1634,540,521,7748,11042,1828,1555,3176,11517,16921,2314,12772,2186,6463,10813,16079,2832,19801
0,18160,1115,6988,15797,8676,6957,7548,4036,11107,17257,4804,13891,13466,19801
0,16026,4540,5939,8021,3684,2254,1853,4443,3439,14255,1142,3520,12666,15988,5285,2208,17754,19801
0,13207,5108,13800,10221,14296,9621,6533,17477,17500,6925,17162,11569,224,4811,12798,7254,19801
0,3317,10465,5222,2830,1,8069,4181,10288,8995,8258,9852,18307,1842,5865,7435,7818,10184,19139,9301,18254,927,13167,15896,6126,16972,19453,18689,9212,17320,9350,14094,2459,18181,19801
0,16516,10975,14332,11118,18909,11789,13456,19801
0,4809,4461,19777,3827,17125,4112,13914,19801
0,12963,13394,9130,13929,18339,8060,196,19801
0,8841,15373,16157,13857,530,7293,2091,19801
0,2873,7941,3881,13461,14168,15644,2129,19801
0,3474,9283,10811,4132,17329,1545,2254,5119,14309,7501,15222,19319,17183,1211,9179,1265,16163,10690,9662,19801
0,1113,8075,2822,14125,16832,67,3971,7677,11508,19801
0,8099,525,3654,18370,12055,5434,10307,7689,19801
0,8265,16824,230,11120,19449,809,10874,348,10731,11321,16860,19801
0,10546,3862,5083,19472,12948,8461,2003,12214,15636,14276,6089,13769,19059,19801
0,19433,7379,9387,14821,7886,9597,2432,19801
0,510,2569,3552,17323,7074,5492,19545,4881,15987,6291,4778,2434,3076,4051,13855,17906,9422,17621,1093,3145,18306,5484,4889,11991,9553,17453,7726,4537,11384,18867,3384,10138,10326,13530,14590,6794,19801
0,10018,13223,6320,6972,5605,7157,7460,9869,19220,3955,17386,18739,8541,19801
0,8453,901,437,9431,8496,17763,8557,16075,6532,19801
0,7641,18895,15409,12467,14649,1941,102,1695,19801
0,19276,12868,17242,9738,15678,12751,19164,8657,19801
0,7453,1281,19083,11641,5278,11506,6547,13999,19801
0,8,17740,4408,15460,15940,1843,12679,6295,19801
0,3317,10465,11802,15406,10780,4383,9257,216,19801
0,2547,5514,9121,4431,4218,269,17475,13722,2834,16567,17199,19801
0,11977,16636,16279,5273,4054,19660,13035,3513,15163,16716,7922,16835,12562,19801
0,10514,18773,10677,11267,10807,8159,7752,9917,19801
0,2206,18186,13587,1365,5026,6205,16128,16659,7472,19801
0,18526,1497,16415,9751,8769,16135,12609,16915,13453,2601,4549,5438,3031,6086,10788,9854,19107,19801
0,15772,12902,11149,15980,10923,16756,5305,11827,14463,16277,18960,15014,6677,5603,3269,3867,2156,19088,18674,15220,3035,19801
0,14443,15352,5940,13004,440,5480,637,19587,10495,8689,15618,17170,5588,12613,19801
0,9911,883,9698,6999,16944,3600,15453,208,6990,4290,16421,5462,19801
0,7781,4400,5352,18328,7725,8314,2610,13960,816,1161,4434,12678,13086,6881,13351,10742,11413,4744,9484,11632,2572,2662,1393,3,18033,10012,7874,2268,7083,16669,11455,5290,7623,16905,3374,12205,15343,10096,14756,2433,18025,10321,2306,1028,11297,19801
0,17336,14344,10692,15600,7618,5984,2139,12916,2055,475,7634,635,19801
0,4064,7567,13930,9860,7827,17907,3158,12018,2633,18976,17441,12440,19576,8363,2750,5809,13519,6155,19801
0,38,12269,6047,2189,579,12078,7205,17012,8108,12764,2128,11823,19801
0,4934,3320,13229,12345,16802,4542,7963,10698,19801
0,5152,12581,14933,2533,11420,15552,16844,12877,5865,7435,10424,6910,15656,18664,15336,11307,6607,18555,11879,11652,4333,12555,17235,16052,3231,2818,15734,6617,11577,2331,15625,6474,15664,14662,13928,5385,18455,10216,18049,1269,8079,4096,8543,111,9762,9770,12759,14755,19801
0,9879,14735,14240,16426,14971,11530,13107,10720,14590,5376,177,19801
0,17305,8762,10659,5812,13343,5350,52,10703,46,10749,2884,3055,13056,15916,18719,9889,675,11140,19801
0,6843,17975,10129,1082,2052,16694,2373,1432,11963,10192,7334,18215,12119,13997,1015,7489,1948,6778,16154,11658,18217,7701,19626,19499,6229,7612,3243,15233,8465,13963,3211,3893,19540,13671,12209,6615,12332,15302,13868,14462,10835,18746,4872,2578,19256,14639,13290,11960,12446,16529,17387,12358,2119,3024,14165,1613,18652,5455,4131,2183,10993,19712,12470,11400,5329,18098,4011,19801
0,5807,18456,11998,12711,1825,19616,8246,15347,15529,14208,7554,5629,15647,13617,9474,4167,363,10983,11465,2427,9865,5339,12428,16761,518,9194,759,12829,15252,18177,6145,17725,16987,8721,5266,12527,17985,12193,3884,8725,19801
0,7572,2250,13994,14593,5962,8040,12301,14880,17122,19798,6756,13771,3172,15031,15631,8307,14261,1980,8359,5611,4898,9130,12407,17361,8174,17558,11968,9868,862,17651,18213,1150,1020,15093,19580,14241,14027,17203,8005,17016,10511,10186,18828,18721,13359,2444,11463,131,12980,19801
0,16689,18865,9253,3406,16697,4271,3434,13744,18850,3745,11996,2770,8161,16273,1379,12791,9039,11639,4933,17447,3270,4545,18808,14750,15800,19475,7969,2809,2014,6342,14222,6390,12514,6505,19801
0,18160,1115,6988,16131,15837,134,10924,11092,8063,12421,17590,10283,14053,14598,13974,9050,16144,692,19036,618,13276,4922,3808,19801
0,19433,16732,5566,10955,14717,5497,10711,18885,14672,645,206,6719,13410,19801
0,6954,11658,14701,16393,336,13517,8994,9993,14993,12453,2589,12572,16402,14353,19123,16294,9165,2375,4402,9068,9513,253,2647,10555,17669,18641,13401,7135,7539,2522,10993,2993,16933,18178,19563,2760,9989,7152,1707,3100,2767,6454,15542,6457,3899,670,7877,975,14693,17472,19801
0,15767,15371,10957,19497,3570,3528,19006,16076,11019,8578,19801
0,16901,829,8340,5225,4946,17819,16547,11734,19725,19801
0,13371,14161,7359,13518,9114,3529,16891,3562,13269,3141,17474,7678,9359,16353,12727,18658,996,14569,18834,3962,8076,10797,7973,3686,815,9406,10226,14719,5546,13416,11999,1598,6710,1717,5816,17291,15816,10979,7602,5669,8263,19801
0,2462,16099,10041,5921,7176,1651,2436,16087,8668,9651,15130,2329,13229,12345,4222,12388,11406,13468,2066,19801
0,14351,6447,1664,15017,9254,5680,10059,9308,14510,10048,8054,10236,3049,11158,12017,18632,9044,6573,9836,1611,5190,4572,2032,19497,3570,3528,19006,17038,15448,771,16458,6358,18834,12125,3005,12618,9295,11438,17070,2924,10503,18692,13797,15938,10656,7351,7608,12962,3645,8650,18369,15308,888,15192,17756,7106,19801
0,19387,1412,18284,7320,4615,14394,17208,12295,8183,6482,7225,7362,3749,213,8754,1727,16816,9187,17191,10521,6043,18653,10243,10701,4783,15208,19801
0,9106,13397,7159,15831,18493,16837,8127,7793,18106,19801
0,799,1530,13552,9181,17765,3464,15652,2843,19799,18644,6173,2353,12481,10362,385,11446,7644,11152,7585,19801
0,10058,1523,14661,10624,9366,6204,11165,14979,6394,12960,19233,16336,18665,6833,19801
0,668,305,14604,5625,4339,10183,8485,12697,12699,11699,7661,19385,5599,1850,3546,9356,16111,7677,14564,3628,9586,9540,10360,17234,15392,10382,9092,5412,42,12924,1628,7571,5954,18749,10675,6601,19801
0,13106,182,15914,9620,17013,12920,17270,11570,1314,8184,10946,13209,8917,7902,19258,19030,17182,389,13199,5130,1332,4840,3419,5976,7301,2049,9571,4704,2195,15913,17483,7401,14479,3452,7223,3450,6726,17344,8920,17735,12349,3320,13229,1433,10,17645,17372,15011,11428,1655,18741,10934,4810,4895,9357,17848,3627,3185,10027,3339,3957,9543,13983,9377,4104,8047,7137,5186,7019,8885,12581,5615,2293,8026,3461,14319,11090,1692,1310,17942,7197,8909,11574,14578,18390,3411,9436,9918,446,4157,17670,19801
0,18160,1115,11493,2466,12910,16250,15969,18719,9889,14603,16247,11411,3188,19801
0,3665,4209,4945,17098,3425,7143,544,6796,11721,13869,15246,9906,1920,13861,11626,7806,16948,19801
0,15103,9542,3397,1832,10719,13942,1021,3515,4640,8446,16122,14812,3782,18038,1837,7391,9366,4513,5056,1197,10536,17215,14384,12137,5649,19506,19801
0,16967,6626,3067,1536,3236,13604,6736,8102,15101,1956,18334,13669,5565,5887,10815,9142,13986,18198,5041,11329,8419,2857,3683,4044,14721,6584,15651,12976,10234,420,16359,13569,18354,10070,19054,4353,2714,15822,16059,2047,3707,10366,5488,13553,1135,18259,6861,9157,810,6461,18062,19801
0,6387,13535,10220,1881,3990,12087,2403,278,18982,376,7003,15557,11074,13480,7891,4437,2254,15252,12430,5199,9469,10319,17164,1577,14422,4365,2562,14202,8525,13917,6601,11748,3569,19801
0,9879,1752,18999,3213,15783,10507,2366,5900,1619,10586,15637,3850,10182,13808,10447,13463,2618,18002,5368,18217,7701,13138,4615,817,17778,7579,5346,17090,15786,6270,11153,868,16095,5954,18749,10675,6601,11748,3569,19801